timestamp,time_utc_usec,lat,lon,alt,alt_ellipsoid,s_variance_m_s,c_variance_rad,eph,epv,hdop,vdop,noise_per_ms,jamming_indicator,vel_m_s,vel_n_m_s,vel_e_m_s,vel_d_m_s,cog_rad,timestamp_time_relative,heading,heading_offset,fix_type,vel_ned_valid,satellites_used
93510556,1562313266200020,488479143,23577111,77399,123580,1.264,0.6922586,9.339001,9.682,3.12,4.5699997,101,13,0.23300001,0.22700001,0.051000003,-1.136,4.1301746,0,nan,0.0,3,1,6
93713155,1562313266400020,488479143,23577093,77496,123677,1.116,0.69230664,9.360001,9.742001,3.12,4.5699997,101,13,0.52000004,0.273,-0.44300002,-1.09,4.1301746,0,nan,0.0,3,1,6
93909074,1562313266600020,488479138,23577069,77542,123723,1.153,0.6923522,9.379001,9.805,3.12,4.5699997,101,13,0.595,-0.026,-0.595,-0.97,4.1301746,0,nan,0.0,3,1,6
94106219,1562313266800020,488479130,23577043,77601,123782,1.304,0.69240385,9.401,9.872001,3.12,4.5699997,101,13,0.77800006,-0.165,-0.76100004,-0.93100005,4.1301746,0,nan,0.0,3,1,6
94313114,1562313267000021,488479133,23577039,77715,123896,1.1190001,0.6924511,9.422001,9.940001,3.12,4.5699997,101,10,0.45100003,0.115,-0.43600002,-1.105,4.1301746,0,nan,0.0,3,1,6
94512211,1562313267200021,488479134,23577027,77610,123791,1.1630001,0.6925028,9.438001,10.009001,3.12,4.5699997,101,10,0.75600004,0.22100002,-0.72300005,-1.064,4.1301746,0,nan,0.0,3,1,6
94733074,1562313267400021,488479130,23576997,77451,123632,1.332,0.6925555,9.456,10.080001,3.12,4.5699997,101,10,1.028,0.192,-1.01,-0.77500004,4.1301746,0,nan,0.0,3,1,6
94912246,1562313267600021,488479128,23576969,77288,123469,1.4300001,0.6926147,9.474,10.153001,3.12,4.5699997,101,10,1.2620001,0.125,-1.256,-0.8,4.1301746,0,nan,0.0,3,1,6
95109095,1562313267800021,488479125,23576948,77155,123337,1.4440001,0.6926719,9.492001,10.231001,3.12,4.5699997,101,10,1.021,-0.001,-1.021,-0.75200003,4.1301746,0,nan,0.0,3,1,6
95316098,1562313268000021,488479132,23576944,77035,123216,1.218,0.6927201,9.51,10.312,3.1299999,4.5699997,101,14,0.748,0.31800002,-0.67700005,-0.77400005,4.1301746,0,nan,0.0,3,1,6
95511245,1562313268200021,488479131,23576932,76968,123149,1.228,0.69276863,9.537001,10.396001,3.1299999,4.5699997,101,14,0.69000006,0.231,-0.65000004,-0.81100005,4.1301746,0,nan,0.0,3,1,6
95709056,1562313268400021,488479141,23576932,76893,123074,1.304,0.69282025,9.565001,10.484,3.1299999,4.5699997,101,14,0.776,0.61,-0.47800002,-0.82000005,4.1301746,0,nan,0.0,3,1,6
95912099,1562313268600021,488479144,23576936,76836,123018,1.363,0.6928742,9.585,10.575001,3.1299999,4.5699997,101,14,0.64900005,0.583,-0.28500003,-0.92700005,4.1301746,0,nan,0.0,3,1,6
96116117,1562313268800021,488479150,23576952,76747,122928,1.674,0.69294053,9.606001,10.668,3.1299999,4.5699997,101,14,0.625,0.609,0.143,-0.859,4.1301746,0,nan,0.0,3,1,6
96316107,1562313269000021,488479146,23576964,76586,122768,1.6,0.6930039,9.627001,10.765,3.1299999,4.5699997,101,12,0.432,0.41500002,0.12100001,-0.767,4.1301746,0,nan,0.0,3,1,6
96511334,1562313269200022,488479135,23576961,76365,122546,1.207,0.6930515,9.646001,10.863001,3.1299999,4.5699997,101,12,0.47500002,0.18100001,-0.439,-0.70900005,4.1301746,0,nan,0.0,3,1,6
96730158,1562313269400022,488479122,23576939,76349,122530,1.45,0.693109,9.67,10.965,3.1299999,4.5699997,101,12,0.633,-0.037,-0.632,-0.57900006,4.1301746,0,nan,0.0,3,1,6
96914629,1562313269600022,488479119,23576946,76408,122590,1.24,0.693158,9.695001,11.071,3.1299999,4.5699997,101,12,0.19600001,0.11800001,-0.156,-0.65500003,4.1301746,0,nan,0.0,3,1,6
97114172,1562313269800022,488479133,23576983,76512,122694,2.039,0.6932386,9.725,11.179001,3.1299999,4.5699997,101,12,0.97200006,0.74300003,0.62700003,-0.804,4.1301746,0,nan,0.0,3,1,6
97318051,1562313270000022,488479135,23576997,76617,122798,2.009,0.69331807,9.7560005,11.291,3.1299999,4.5699997,101,14,0.83500004,0.59000003,0.591,-0.80500007,4.1301746,0,nan,0.0,3,1,6
97516713,1562313270200022,488479135,23577028,76383,122565,1.437,0.69337493,9.5,11.216001,1.62,2.06,101,14,0.30600002,0.24400002,0.185,-0.53900003,4.1301746,0,nan,0.0,3,1,7
97717048,1562313270400022,488479136,23577079,75943,122124,1.348,0.69342834,9.305,11.200001,1.75,2.57,101,14,0.12900001,0.094000004,0.089,-0.39600003,4.1301746,0,nan,0.0,3,1,6
97914210,1562313270600022,488479135,23577108,75924,122105,1.342,0.6934812,9.129001,11.195001,1.75,2.57,101,14,0.119,0.094000004,0.072000004,-0.44700003,4.1301746,0,nan,0.0,3,1,6
98114283,1562313270800022,488479127,23577145,75621,121802,1.22,0.69352955,8.971001,11.210001,1.62,2.06,101,14,0.098000005,-0.064,-0.07300001,-0.54300004,4.1301746,0,nan,0.0,3,1,7
98309059,1562313271000022,488479125,23577173,75510,121692,1.386,0.6935844,8.826,11.219001,1.62,2.06,101,12,0.18400002,0.18100001,0.036000002,-0.418,4.1301746,0,nan,0.0,3,1,7
98512099,1562313271200022,488479119,23577192,75741,121922,1.246,0.6936336,8.694,11.222,1.62,2.06,101,12,0.12200001,-0.023000002,0.120000005,-0.679,4.1301746,0,nan,0.0,3,1,7
98728058,1562313271400023,488479110,23577224,75375,121556,1.1980001,0.69368106,8.574,11.236,1.62,2.06,101,12,0.069000006,-0.034,-0.060000002,-0.45600003,4.1301746,0,nan,0.0,3,1,7
98916055,1562313271600023,488479092,23577256,74737,120918,1.302,0.6937324,8.463,11.249001,1.62,2.06,101,12,0.36200002,-0.26700002,-0.245,-0.24900001,4.1301746,0,nan,0.0,3,1,7
99111416,1562313271800023,488479089,23577274,74804,120985,1.1960001,0.6937797,8.362,11.268001,1.62,2.06,101,12,0.101,-0.085,0.055000003,-0.377,4.1301746,0,nan,0.0,3,1,7
99317067,1562313272000023,488479089,23577291,74894,121075,1.2780001,0.69383013,8.269,11.279,1.62,2.06,101,15,0.18400002,0.051000003,0.177,-0.35300002,4.1301746,0,nan,0.0,3,1,7
99512163,1562313272200023,488479087,23577304,75041,121223,1.273,0.69388056,8.184,11.295,1.62,2.06,101,15,0.101,0.08400001,0.055000003,-0.425,4.1301746,0,nan,0.0,3,1,7
99716052,1562313272400023,488479085,23577317,75132,121313,1.294,0.6939317,8.106,11.320001,1.62,2.06,101,15,0.134,0.134,-0.015000001,-0.46,4.1301746,0,nan,0.0,3,1,7
99915130,1562313272600023,488479087,23577331,75313,121495,1.3180001,0.69398373,8.032001,11.341001,1.62,2.06,101,15,0.194,0.193,0.020000001,-0.55300003,4.1301746,0,nan,0.0,3,1,7
100115135,1562313272800023,488479096,23577335,75930,122111,1.3280001,0.69403625,7.9620004,11.356001,1.62,2.06,101,15,0.261,0.21900001,0.143,-0.58900005,4.1301746,0,nan,0.0,3,1,7
100315141,1562313273000023,488479096,23577348,76116,122297,1.3440001,0.6940893,7.8960004,11.372001,1.62,2.06,101,11,0.291,0.268,0.11100001,-0.554,4.1301746,0,nan,0.0,3,1,7
100515138,1562313273200023,488479083,23577381,75444,121625,1.2190001,0.69413745,7.8100004,11.224001,1.23,1.3299999,101,11,0.14500001,0.051000003,0.135,-0.395,4.1301746,0,nan,0.0,3,1,8
100735194,1562313273400023,488479083,23577393,75689,121870,1.289,0.69418824,7.7520003,11.244,1.23,1.3299999,101,11,0.25300002,0.23900001,0.083000004,-0.569,4.1301746,0,nan,0.0,3,1,8
100910128,1562313273600024,488479092,23577399,76257,122438,1.34,0.69424134,7.6910005,11.261001,1.23,1.3299999,101,11,0.37600002,0.34800002,0.14400001,-0.615,4.1301746,0,nan,0.0,3,1,8
101115101,1562313273800024,488479097,23577412,76613,122794,1.386,0.69429594,7.6340003,11.283001,1.23,1.3299999,101,11,0.41900003,0.388,0.156,-0.57900006,4.1301746,0,nan,0.0,3,1,8
101321114,1562313274000024,488479098,23577417,76896,123078,1.2650001,0.694346,7.5810003,11.299001,1.23,1.3299999,100,11,0.307,0.30200002,-0.056,-0.601,4.1301746,0,nan,0.0,3,1,8
101513092,1562313274200024,488479093,23577423,76921,123103,1.1680001,0.69439214,7.531,11.315001,1.23,1.3299999,100,11,0.17300001,0.13800001,-0.105000004,-0.48700002,4.1301746,0,nan,0.0,3,1,8
101718175,1562313274400024,488479084,23577430,76921,123102,1.1290001,0.6944368,7.4830003,11.332001,1.23,1.3299999,100,11,0.098000005,0.07,-0.069000006,-0.504,4.1301746,0,nan,0.0,3,1,8
101917065,1562313274600024,488479083,23577437,77170,123352,1.1800001,0.6944834,7.438,11.348001,1.23,1.3299999,100,11,0.18200001,0.16100001,-0.083000004,-0.531,4.1301746,0,nan,0.0,3,1,8
102115631,1562313274800024,488479073,23577447,77133,123314,1.0830001,0.69452596,7.3950005,11.366,1.23,1.3299999,100,11,0.133,0.013,-0.133,-0.605,4.1301746,0,nan,0.0,3,1,8
102316233,1562313275000024,488479071,23577455,77320,123501,1.2240001,0.69457436,7.3550005,11.384001,1.23,1.3299999,100,10,0.33200002,0.321,-0.082,-0.64400005,4.1301746,0,nan,0.0,3,1,8
102512307,1562313275200024,488479058,23577464,77101,123283,1.0550001,0.694616,7.3180003,11.406,1.23,1.3299999,100,10,0.209,-0.018000001,-0.208,-0.50600004,4.1301746,0,nan,0.0,3,1,8
102733062,1562313275400024,488479048,23577477,77165,123346,1.126,0.69466054,7.287,11.427001,1.23,1.3299999,100,10,0.15200001,-0.125,0.087000005,-0.43,4.1301746,0,nan,0.0,3,1,8
102919390,1562313275600024,488479039,23577490,77039,123221,1.156,0.6947061,7.2570004,11.449,1.23,1.3299999,100,10,0.115,-0.11000001,-0.036000002,-0.209,4.1301746,0,nan,0.0,3,1,8
103115319,1562313275800025,488479040,23577505,77321,123502,1.225,0.6947544,7.2320004,11.479,1.23,1.3299999,100,10,0.15,0.059000004,0.13800001,-0.34800002,4.1301746,0,nan,0.0,3,1,8
103321061,1562313276000025,488479028,23577516,77212,123394,1.103,0.69479793,7.2030005,11.498,1.23,1.3299999,100,13,0.17400001,-0.097,-0.14500001,-0.34300002,4.1301746,0,nan,0.0,3,1,8
103509140,1562313276200025,488479026,23577528,77617,123798,1.1400001,0.69484293,7.1740003,11.501,1.62,2.06,100,13,0.08800001,0.013,0.087000005,-0.33200002,4.1301746,0,nan,0.0,3,1,7
103717603,1562313276400025,488479015,23577539,77499,123681,1.289,0.6948939,7.1480002,11.524,1.62,2.06,100,13,0.179,-0.16900001,-0.056,-0.202,4.1301746,0,nan,0.0,3,1,7
103914189,1562313276600025,488479013,23577553,77790,123971,1.192,0.69494087,7.1250005,11.553,1.62,2.06,100,13,0.14,0.022000002,0.13800001,-0.26500002,4.1301746,0,nan,0.0,3,1,7
104112095,1562313276800025,488479016,23577565,78207,124388,1.268,0.69499093,7.102,11.569,1.62,2.06,100,13,0.187,0.16800001,0.082,-0.36200002,4.1301746,0,nan,0.0,3,1,7
104315100,1562313277000025,488479019,23577581,78806,124988,1.24,0.6950398,7.0810003,11.59,1.62,2.06,100,10,0.333,0.263,0.20400001,-0.70100003,4.1301746,0,nan,0.0,3,1,7
104514358,1562313277200025,488479014,23577590,78898,125079,1.23,0.6950883,7.0650005,11.620001,1.62,2.06,100,10,0.209,0.20400001,-0.044000003,-0.43600002,4.1301746,0,nan,0.0,3,1,7
104735163,1562313277400025,488479001,23577598,78960,125141,1.1040001,0.69513196,7.05,11.648001,1.62,2.06,100,10,0.069000006,-0.061000004,-0.031000001,-0.397,4.1301746,0,nan,0.0,3,1,7
104914675,1562313277600025,488478996,23577607,79229,125411,1.151,0.6951773,7.037,11.68,1.62,2.06,100,10,0.11100001,-0.009000001,0.11100001,-0.40800002,4.1301746,0,nan,0.0,3,1,7
105113105,1562313277800025,488478997,23577615,79765,125946,1.2190001,0.69522554,7.024,11.707001,1.62,2.06,100,10,0.15300001,0.14600001,0.042000003,-0.44900003,4.1301746,0,nan,0.0,3,1,7
105314546,1562313278000026,488478987,23577615,79715,125897,1.0500001,0.6952669,7.0130005,11.741,1.62,2.06,100,13,0.20300001,0.016,-0.202,-0.42900002,4.1301746,0,nan,0.0,3,1,7
105513215,1562313278200026,488478981,23577613,79784,125965,1.0350001,0.69530773,7.0010004,11.77,1.62,2.06,100,13,0.143,0.020000001,-0.142,-0.246,4.1301746,0,nan,0.0,3,1,7
105714174,1562313278400026,488478981,23577615,80157,126338,1.202,0.695355,6.9890003,11.801001,1.62,2.06,100,13,0.080000006,0.065000005,0.047000002,-0.32900003,4.1301746,0,nan,0.0,3,1,7
105914307,1562313278600026,488478979,23577621,80553,126735,1.217,0.69540304,6.9750004,11.820001,1.62,2.06,100,13,0.133,0.089,0.098000005,-0.314,4.1301746,0,nan,0.0,3,1,7
106108095,1562313278800026,488478987,23577632,81232,127413,1.393,0.695458,6.9610004,11.84,1.62,2.06,100,13,0.418,0.34600002,0.23400001,-0.42800003,4.1301746,0,nan,0.0,3,1,7
106316146,1562313279000026,488478999,23577643,82040,128222,1.3360001,0.6955107,6.9470005,11.8550005,1.62,2.06,100,10,0.53800005,0.45600003,0.28500003,-0.69000006,4.1301746,0,nan,0.0,3,1,7
106735626,1562313279400026,488479002,23577662,82897,129079,1.3610001,0.6956165,6.9080005,11.806001,1.23,1.3299999,100,10,0.47900003,0.44200003,0.186,-0.59800005,4.1301746,0,nan,0.0,3,1,8
107714580,1562313280400027,488479022,23577695,85518,131699,1.205,0.69585437,6.879,11.910001,1.23,1.3299999,100,13,0.342,0.319,0.124000005,-0.98800004,4.1301746,0,nan,0.0,3,1,8
107916094,1562313280600027,488479020,23577702,85827,132008,1.1700001,0.69590044,6.8820004,11.944,1.23,1.3299999,100,13,0.15400001,0.075,0.135,-0.734,4.1301746,0,nan,0.0,3,1,8
108114677,1562313280800027,488479026,23577714,86245,132426,1.2700001,0.6959505,6.8820004,11.969001,1.23,1.3299999,100,13,0.38500002,0.363,0.12900001,-0.86600006,4.1301746,0,nan,0.0,3,1,8
108313698,1562313281000027,488479027,23577721,86606,132787,1.19,0.6959973,6.885,11.997001,1.23,1.3299999,100,10,0.16800001,0.162,0.045,-0.785,4.1301746,0,nan,0.0,3,1,8
108515114,1562313281200027,488479024,23577723,86796,132977,1.1290001,0.6960418,6.886,12.02,1.23,1.3299999,100,10,0.091000006,0.080000006,-0.044000003,-0.545,4.1301746,0,nan,0.0,3,1,8
108727244,1562313281400027,488479027,23577729,87116,133298,1.2600001,0.69609135,6.8910003,12.053,1.23,1.3299999,100,10,0.28300002,0.282,0.028,-0.772,4.1301746,0,nan,0.0,3,1,8
108913541,1562313281600027,488479031,23577731,87489,133671,1.2080001,0.69613886,6.8950005,12.078001,1.23,1.3299999,100,10,0.261,0.254,-0.058000002,-0.75500005,4.1301746,0,nan,0.0,3,1,8
109113419,1562313281800027,488479035,23577733,87877,134059,1.164,0.69618475,6.899,12.104001,1.23,1.3299999,100,10,0.17400001,0.17400001,-0.003,-0.97400004,4.1301746,0,nan,0.0,3,1,8
109313144,1562313282000027,488479050,23577745,88797,134978,1.266,0.69623464,6.9030004,12.132001,1.23,1.3299999,90,13,0.531,0.41000003,0.337,-1.149,4.1301746,0,nan,0.0,3,1,8
109513123,1562313282200028,488479067,23577760,89841,136022,1.3060001,0.6962895,6.9030004,12.149,1.62,2.05,90,13,0.689,0.611,0.319,-1.2080001,4.1301746,0,nan,0.0,3,1,7
109712224,1562313282400028,488479065,23577764,90177,136359,1.1980001,0.69633657,6.9080005,12.185,1.62,2.05,90,13,0.27400002,0.259,0.08800001,-1.041,4.1301746,0,nan,0.0,3,1,7
109916111,1562313282600028,488479071,23577769,90744,136926,1.2190001,0.6963846,6.9110003,12.214001,1.62,2.05,90,13,0.358,0.35700002,0.033,-1.154,4.1301746,0,nan,0.0,3,1,7
110116087,1562313282800028,488479063,23577765,90904,137086,1.125,0.6964289,6.9150004,12.242001,1.62,2.05,90,13,0.177,0.039,-0.17300001,-0.91400003,4.1301746,0,nan,0.0,3,1,7
110312073,1562313283000028,488479073,23577771,91551,137732,1.2490001,0.6964781,6.919,12.267,1.62,2.05,90,10,0.404,0.35700002,0.18900001,-1.087,4.1301746,0,nan,0.0,3,1,7
110508185,1562313283200028,488479074,23577774,91963,138145,1.1910001,0.69652873,6.925,12.293,1.62,2.05,90,10,0.312,0.30100003,0.079,-1.2490001,4.1301746,0,nan,0.0,3,1,7
110728129,1562313283400028,488479051,23577772,92272,138453,1.276,0.69659245,6.9330006,12.321001,1.62,2.05,90,10,0.68,-0.674,-0.09200001,-1.468,4.1301746,0,nan,0.0,3,1,7
110912099,1562313283600028,488479045,23577764,92479,138661,1.143,0.69663906,6.9400005,12.349001,1.62,2.05,90,10,0.425,-0.19900002,-0.37600002,-1.102,4.1301746,0,nan,0.0,3,1,7
111112154,1562313283800028,488479038,23577753,92608,138789,1.0890001,0.6966834,6.9480004,12.378,1.62,2.05,90,10,0.42600003,0.012,-0.42600003,-1.046,4.1301746,0,nan,0.0,3,1,7
111309067,1562313284000028,488479040,23577752,92961,139143,1.166,0.6967293,6.9570003,12.411,1.62,2.05,90,10,0.158,0.158,0.010000001,-0.97800004,4.1301746,0,nan,0.0,3,1,7
111512079,1562313284200028,488479042,23577753,93077,139258,1.3240001,0.69678146,6.9690003,12.449,1.62,2.05,90,10,0.38900003,0.33,0.20500001,-0.82500005,4.1301746,0,nan,0.0,3,1,7
111716173,1562313284400029,488479047,23577755,93419,139600,1.3130001,0.69683313,6.9830003,12.485001,1.62,2.05,90,10,0.423,0.38900003,0.164,-1.019,4.1301746,0,nan,0.0,3,1,7
111912259,1562313284600029,488479052,23577765,93713,139894,1.4230001,0.69688916,7.0010004,12.525001,1.62,2.05,90,10,0.657,0.35500002,0.55200005,-1.164,4.1301746,0,nan,0.0,3,1,7
112110369,1562313284800029,488479064,23577783,93943,140124,1.5600001,0.69695044,7.0270004,12.55,1.62,2.05,90,10,1.0220001,0.615,0.81600004,-1.128,4.1301746,0,nan,0.0,3,1,7
112315157,1562313285000029,488479066,23577786,94486,140667,1.366,0.6970042,7.063,12.580001,1.62,2.05,90,10,0.305,0.095000006,0.289,-1.1,4.1301746,0,nan,0.0,3,1,7
112515136,1562313285200029,488479074,23577769,94796,140977,1.128,0.6970485,7.103,12.608001,1.62,2.05,90,10,0.549,0.29200003,-0.46500003,-0.91800004,4.1301746,0,nan,0.0,3,1,7
112721123,1562313285400029,488479058,23577741,95005,141186,1.567,0.6971103,7.1470003,12.619,1.62,2.05,90,10,0.814,-0.393,-0.71300006,-0.998,4.1301746,0,nan,0.0,3,1,7
112909164,1562313285600029,488479037,23577702,95573,141754,1.8160001,0.69718444,7.1870003,12.618001,1.62,2.05,90,10,1.4720001,-1.001,-1.079,-1.1800001,4.1301746,0,nan,0.0,3,1,7
113109132,1562313285800029,488479031,23577654,95622,141803,1.7520001,0.6972534,7.2260003,12.626,1.62,2.05,90,10,1.6450001,-0.64400005,-1.514,-0.37800002,4.1301746,0,nan,0.0,3,1,7
113310230,1562313286000029,488479005,23577617,95369,141550,1.7120001,0.6973206,7.255,12.639001,1.62,2.05,90,10,1.4990001,-0.772,-1.2850001,-0.52900004,4.1301746,0,nan,0.0,3,1,7
113506169,1562313286200029,488478995,23577599,95046,141228,1.4150001,0.69737625,7.2850003,12.652,1.62,2.05,90,10,0.85400003,-0.273,-0.809,-0.629,4.1301746,0,nan,0.0,3,1,7
113712161,1562313286400029,488478993,23577595,94898,141079,1.205,0.69742376,7.2970004,12.659,1.62,2.05,90,10,0.26900002,0.066,-0.26000002,-0.83500004,4.1301746,0,nan,0.0,3,1,7
113905185,1562313286600030,488478999,23577594,94814,140996,1.536,0.69748414,7.3120003,12.6710005,1.62,2.05,90,10,0.476,0.46300003,-0.113000005,-0.804,4.1301746,0,nan,0.0,3,1,7
114108100,1562313286800030,488479007,23577598,94727,140908,1.667,0.6975496,7.3320003,12.684001,1.62,2.05,90,10,0.609,0.60200006,0.09200001,-0.80500007,4.1301746,0,nan,0.0,3,1,7
114313128,1562313287000030,488478998,23577611,94441,140623,1.414,0.69760525,7.352,12.694,1.62,2.05,90,11,0.41300002,0.21400002,0.35300002,-0.96000004,4.1301746,0,nan,0.0,3,1,7
114512093,1562313287200030,488478999,23577627,94262,140444,1.5400001,0.6976658,7.3910003,12.706,1.62,2.05,90,11,0.57600003,0.317,0.48100004,-0.85400003,4.1301746,0,nan,0.0,3,1,7
114724069,1562313287400030,488479010,23577646,94178,140360,1.8160001,0.6977372,7.4370003,12.713,1.62,2.05,90,11,0.84400004,0.61800003,0.57500005,-0.73800004,4.1301746,0,nan,0.0,3,1,7
114908101,1562313287600030,488479022,23577659,94142,140323,2.009,0.6978161,7.4870005,12.725,1.62,2.05,90,11,0.73800004,0.595,0.43500003,-0.46800002,4.1301746,0,nan,0.0,3,1,7
115109577,1562313287800030,488479031,23577655,94488,140669,1.3690001,0.69786984,7.5360003,12.722001,1.62,2.05,90,11,0.083000004,0.072000004,-0.041,-0.492,4.1301746,0,nan,0.0,3,1,7
115311307,1562313288000030,488479037,23577652,94345,140527,1.394,0.6979247,7.5800004,12.696001,1.62,2.05,90,11,0.187,-0.028,-0.185,-0.165,4.1301746,0,nan,0.0,3,1,7
115503196,1562313288200030,488479042,23577665,93941,140122,1.552,0.6979856,7.623,12.670001,1.8199999,2.52,90,11,0.20300001,0.037,0.2,-0.13100001,4.1301746,0,nan,0.0,3,1,6
115704251,1562313288400030,488479053,23577668,94017,140198,1.332,0.6980379,7.668,12.690001,1.8199999,2.52,90,11,0.27800003,0.134,-0.24300002,-0.31100002,4.1301746,0,nan,0.0,3,1,6
115907116,1562313288600030,488479049,23577664,93823,140005,1.9620001,0.69811505,7.7190003,12.714001,1.8199999,2.52,90,11,0.446,-0.323,-0.307,-0.155,4.1301746,0,nan,0.0,3,1,6
116106034,1562313288800031,488479062,23577664,93610,139791,1.355,0.69816834,7.7680006,12.729001,1.8199999,2.52,90,11,0.29500002,0.030000001,-0.293,0.10700001,4.1301746,0,nan,0.0,3,1,6
116310258,1562313289000031,488479062,23577677,93219,139401,1.6090001,0.6982315,7.82,12.747001,1.8199999,2.52,90,11,0.112,0.11100001,0.013,-0.3,4.1301746,0,nan,0.0,3,1,6
116502171,1562313289200031,488479065,23577685,92771,138952,1.838,0.6983036,7.873,12.765,1.8199999,2.52,90,11,0.102000006,0.1,-0.016,-0.079,4.1301746,0,nan,0.0,3,1,6
116712300,1562313289400031,488479065,23577714,91598,137780,1.9930001,0.69838196,7.925,12.729001,1.8199999,2.52,90,11,0.628,0.27600002,0.564,-0.143,4.1301746,0,nan,0.0,3,1,6
116906529,1562313289600031,488479085,23577755,91046,137227,2.0,0.6984603,7.9790006,12.695001,1.8199999,2.52,90,11,1.151,0.56100005,1.005,-0.61300004,4.1301746,0,nan,0.0,3,1,6
117108232,1562313289800031,488479110,23577796,90201,136382,2.127,0.732696,8.024,12.651001,1.8199999,2.52,90,11,1.534,1.0270001,1.1400001,-0.43300003,5.554161,0,nan,0.0,3,1,6
117311172,1562313290000031,488479132,23577836,90411,136592,1.6990001,0.7327675,8.075001,12.673,1.8199999,2.52,89,11,1.8850001,-0.019000001,1.8850001,-0.323,5.554161,0,nan,0.0,3,1,6
117528394,1562313290200031,488479121,23577839,90212,136393,1.771,0.73283386,8.129001,12.698001,1.62,2.05,89,11,0.64100003,-0.50600004,0.393,0.045,5.554161,0,nan,0.0,3,1,7
117708299,1562313290400031,488479150,23577829,90477,136658,1.843,0.7329028,8.194,12.723001,1.62,2.05,89,11,0.347,-0.119,-0.326,0.19800001,5.554161,0,nan,0.0,3,1,7
117913053,1562313290600031,488479180,23577808,90339,136520,1.59,0.7329623,8.2560005,12.693001,1.62,2.05,89,11,0.6,-0.038000003,-0.59900004,0.15,5.554161,0,nan,0.0,3,1,7
118112113,1562313290800031,488479210,23577787,89952,136133,1.6150001,0.7330227,8.313001,12.6640005,1.62,2.05,89,11,0.536,-0.076000005,-0.531,0.252,5.554161,0,nan,0.0,3,1,7
118313054,1562313291000032,488479218,23577798,89707,135888,1.5630001,0.73308116,8.371,12.686001,1.62,2.05,84,11,0.448,-0.37100002,0.25100002,-0.087000005,5.554161,0,nan,0.0,3,1,7
118512110,1562313291200032,488479211,23577824,89516,135697,1.4360001,0.7331349,8.423,12.714001,1.62,2.05,84,11,1.1980001,-0.88100004,0.81200004,-0.324,5.554161,0,nan,0.0,3,1,7
118708096,1562313291400032,488479226,23577834,89336,135517,1.4710001,0.7331899,8.469001,12.738001,1.62,2.05,84,11,0.16800001,-0.16800001,0.010000001,-0.31100002,5.554161,0,nan,0.0,3,1,7
118908058,1562313291600032,488479221,23577840,88585,134766,1.8050001,0.7332573,8.501,12.755001,1.8199999,2.52,84,11,0.22900002,-0.22600001,-0.039,0.24700001,5.554161,0,nan,0.0,3,1,6
119103142,1562313291800032,488479215,23577882,87641,133822,1.8310001,0.7333259,8.534,12.778001,1.8199999,2.52,84,11,0.57900006,0.256,0.51900005,-0.065000005,5.554161,0,nan,0.0,3,1,6
119303223,1562313292000032,488479221,23577885,87333,133514,1.7470001,0.73339117,8.570001,12.801001,1.8199999,2.52,84,11,0.046000004,0.023000002,0.040000003,-0.079,5.554161,0,nan,0.0,3,1,6
119504271,1562313292200032,488479215,23577879,86433,132614,2.036,0.7334674,8.594001,12.768001,1.8199999,2.52,84,11,0.30100003,-0.268,-0.13800001,0.133,5.554161,0,nan,0.0,3,1,6
119703430,1562313292400032,488479218,23577869,85612,131793,1.9820001,0.7335414,8.597,12.718,1.8199999,2.52,84,11,0.39200002,-0.316,-0.23200001,0.148,5.554161,0,nan,0.0,3,1,6
119905404,1562313292600032,488479211,23577885,84299,130481,1.001,0.7335789,8.607,12.679001,1.8199999,2.52,84,11,0.43,-0.22100002,0.36900002,0.134,5.554161,0,nan,0.0,3,1,6
120102334,1562313292800032,488479203,23577878,83827,130008,1.978,0.7336528,8.627001,12.709001,1.8199999,2.52,84,11,0.559,-0.54800004,-0.108,0.321,5.554161,0,nan,0.0,3,1,6
120306142,1562313293000033,488479201,23577870,83440,129622,2.1360002,0.7337327,8.660001,12.734,1.8199999,2.52,84,11,0.615,-0.462,-0.407,0.224,5.554161,0,nan,0.0,3,1,6
120509055,1562313293200033,488479194,23577877,82782,128963,2.1090002,0.73381144,8.701,12.762001,1.8199999,2.52,84,11,0.317,-0.30900002,-0.069000006,0.22000001,5.554161,0,nan,0.0,3,1,6
120705808,1562313293400033,488479201,23577882,82412,128593,1.2440001,0.73385787,8.735001,12.776001,1.8199999,2.52,84,11,0.045,0.044000003,0.010000001,0.35200003,5.554161,0,nan,0.0,3,1,6
120905885,1562313293600033,488479218,23577887,82414,128595,1.228,0.73390377,8.754001,12.775001,1.8199999,2.52,84,11,0.049000002,0.027,0.041,0.11100001,5.554161,0,nan,0.0,3,1,6
121110134,1562313293800033,488479225,23577892,82234,128415,1.332,0.7339535,8.768001,12.772,1.8199999,2.52,84,11,0.109000005,0.09900001,-0.045,0.016,5.554161,0,nan,0.0,3,1,6
121312364,1562313294000033,488479243,23577897,82389,128571,1.853,0.7340228,8.776,12.764001,1.8199999,2.52,84,10,0.192,0.16100001,0.104,-0.164,5.554161,0,nan,0.0,3,1,6
121512097,1562313294200033,488479208,23577888,81557,127738,1.429,0.7340762,8.769,12.762001,1.8199999,2.52,84,10,0.58000004,0.062000003,-0.577,0.266,5.554161,0,nan,0.0,3,1,6
121709170,1562313294400033,488479204,23577877,81331,127513,1.396,0.73412836,8.766001,12.780001,1.8199999,2.52,84,10,0.601,0.17300001,-0.57500005,0.12200001,5.554161,0,nan,0.0,3,1,6
121912097,1562313294600033,488479199,23577852,81281,127463,1.9510001,0.73420113,8.778001,12.814001,1.8199999,2.52,84,10,0.573,-0.079,-0.56700003,0.136,5.554161,0,nan,0.0,3,1,6
122117115,1562313294800033,488479208,23577832,81253,127434,1.6100001,0.7342614,8.799001,12.848001,1.8199999,2.52,84,10,0.63500005,0.246,-0.58500004,-0.019000001,5.554161,0,nan,0.0,3,1,6
122315191,1562313295000033,488479185,23577787,80429,126611,2.273,0.7343462,8.817,12.849001,1.8199999,2.52,84,11,0.91400003,-0.52000004,-0.75200003,0.21000001,5.554161,0,nan,0.0,3,1,6
122513179,1562313295200034,488479173,23577768,79582,125764,1.442,0.73440343,8.835,12.883,1.8199999,2.52,84,11,1.519,0.625,-1.3840001,0.193,5.554161,0,nan,0.0,3,1,6
122714202,1562313295400034,488479143,23577731,78023,124204,1.299,0.70113796,8.842,12.907001,1.8199999,2.52,84,11,2.845,1.4080001,-2.4720001,0.23400001,5.3847322,0,nan,0.0,3,1,6
122911147,1562313295600034,488479155,23577724,77290,123472,1.343,0.70119053,8.845,12.909,1.8199999,2.52,84,11,0.57000005,0.54200006,-0.17500001,0.238,5.3847322,0,nan,0.0,3,1,6
123114166,1562313295800034,488479146,23577711,76017,122198,1.4490001,0.7012472,8.843,12.865001,1.8199999,2.52,84,11,0.36200002,0.28800002,0.21900001,0.22000001,5.3847322,0,nan,0.0,3,1,6
123314137,1562313296000034,488479163,23577681,75076,121258,1.593,0.70130956,8.848001,12.815001,1.8199999,2.52,84,11,0.44400004,0.44300002,0.016,0.027,5.3847322,0,nan,0.0,3,1,6
123517052,1562313296200034,488479145,23577673,74307,120488,1.131,0.7013537,8.847,12.797001,1.8199999,2.52,84,11,0.287,-0.132,0.254,0.21800001,5.3847322,0,nan,0.0,3,1,6
123713249,1562313296400034,488479121,23577664,73775,119956,1.6700001,0.701419,8.844001,12.803,1.8199999,2.52,84,11,0.275,-0.21000001,-0.177,0.46100003,5.3847322,0,nan,0.0,3,1,6
123919204,1562313296600034,488479183,23577622,74569,120750,1.3390001,0.7014713,8.843,12.7890005,1.8199999,2.52,84,11,0.65900004,0.59900004,-0.27600002,-0.25,5.3847322,0,nan,0.0,3,1,6
124115170,1562313296800034,488479186,23577592,73245,119427,1.4180001,0.7015268,8.851001,12.745001,1.8199999,2.52,84,11,0.272,0.264,0.064,0.12200001,5.3847322,0,nan,0.0,3,1,6
124308056,1562313297000034,488479187,23577579,73103,119284,1.2540001,0.7015757,8.853001,12.7560005,1.8199999,2.52,84,11,0.47800002,0.411,-0.24400002,0.008,5.3847322,0,nan,0.0,3,1,6
124513392,1562313297200034,488479193,23577574,73072,119253,1.7780001,0.7016454,8.852,12.767,1.8199999,2.52,84,11,0.56200004,0.528,0.193,-0.011000001,5.3847322,0,nan,0.0,3,1,6
124713189,1562313297400035,488479196,23577573,72893,119075,1.6910001,0.70171136,8.8550005,12.785001,1.8199999,2.52,84,11,0.61700004,0.563,0.25100002,0.13900001,5.3847322,0,nan,0.0,3,1,6
124917095,1562313297600035,488479188,23577578,72179,118360,1.5790001,0.7017731,8.846001,12.753,1.8199999,2.52,84,11,0.43400002,0.328,0.284,0.16700001,5.3847322,0,nan,0.0,3,1,6
125117139,1562313297800035,488479181,23577581,71726,117908,1.5270001,0.70183265,8.834001,12.715,1.8199999,2.52,84,11,0.246,0.126,0.21100001,0.10300001,5.3847322,0,nan,0.0,3,1,6
125316149,1562313298000035,488479188,23577582,71448,117629,1.7680001,0.70190173,8.839001,12.709001,1.8199999,2.52,84,13,0.35300002,0.284,0.209,0.033,5.3847322,0,nan,0.0,3,1,6
125545102,1562313298200035,488479082,23577606,68652,114833,1.6430001,0.701966,8.824,12.661,1.62,2.05,84,13,0.564,-0.53800005,-0.16600001,1.023,5.3847322,0,nan,0.0,3,1,7
125721051,1562313298400035,488479032,23577643,67045,113226,1.2540001,0.70201504,8.795,12.564,1.23,1.3299999,84,13,0.439,-0.082,0.432,0.623,5.3847322,0,nan,0.0,3,1,8
125916076,1562313298600035,488479003,23577677,65734,111916,2.025,0.7020941,8.76,12.429001,1.23,1.3299999,84,13,0.80300003,0.559,0.577,0.33800003,5.3847322,0,nan,0.0,3,1,8
126120087,1562313298800035,488478949,23577712,63903,110084,1.8470001,0.70216614,8.726001,12.276001,1.23,1.3299999,84,13,0.78000003,0.39900002,0.67,0.43,5.3847322,0,nan,0.0,3,1,8
126319135,1562313299000035,488478905,23577695,62627,108808,1.447,0.7022227,8.704,12.127001,1.23,1.3299999,84,11,0.469,-0.29000002,-0.36900002,0.901,5.3847322,0,nan,0.0,3,1,8
126515155,1562313299200035,488478888,23577678,61891,108073,1.473,0.7022801,8.715,12.051001,1.23,1.3299999,84,11,0.363,-0.17500001,-0.31800002,0.615,5.3847322,0,nan,0.0,3,1,8
126716063,1562313299400036,488478832,23577691,60646,106828,1.273,0.7023299,8.67,11.887001,1.23,1.3299999,84,11,0.064,-0.027,-0.058000002,0.2,5.3847322,0,nan,0.0,3,1,8
126911151,1562313299600036,488478812,23577696,59603,105784,1.0990001,0.7023728,8.6710005,11.77,1.23,1.3299999,84,11,0.22800002,-0.042000003,0.22500001,0.09,5.3847322,0,nan,0.0,3,1,8
127118176,1562313299800036,488478791,23577701,58693,104874,1.2490001,0.70242167,8.677,11.708,1.23,1.3299999,84,11,0.21800001,0.192,-0.10300001,0.34300002,5.3847322,0,nan,0.0,3,1,8
127321061,1562313300000036,488478789,23577715,58578,104759,1.8820001,0.702495,8.696,11.684001,1.23,1.3299999,84,15,0.555,0.272,0.48400003,-0.33200002,5.3847322,0,nan,0.0,3,1,8
127534358,1562313300200036,488478791,23577749,58142,104324,2.026,0.702574,8.72,11.678,1.23,1.3299999,84,15,1.1860001,0.683,0.97,-0.275,5.3847322,0,nan,0.0,3,1,8
127713250,1562313300400036,488478789,23577782,57679,103860,2.1130002,0.7026566,8.726001,11.675,1.23,1.3299999,84,15,1.4840001,1.0370001,1.062,-0.21300001,5.3847322,0,nan,0.0,3,1,8
127917090,1562313300600036,488478786,23577813,57281,103463,2.084,0.7718444,8.724,11.673,1.23,1.3299999,84,15,1.6300001,1.105,1.199,-0.19700001,6.1663604,0,nan,0.0,3,1,8
128114280,1562313300800036,488478771,23577823,56915,103096,1.6800001,0.7719041,8.718,11.669001,1.23,1.3299999,84,15,0.9710001,0.37800002,0.89400005,0.116000004,6.1663604,0,nan,0.0,3,1,8
128318136,1562313301000036,488478751,23577837,56606,102787,1.6370001,0.7719622,8.691,11.666,1.23,1.3299999,84,13,0.808,0.279,0.758,0.023000002,6.1663604,0,nan,0.0,3,1,8
128516078,1562313301200036,488478718,23577849,56142,102324,1.228,0.77200586,8.669001,11.679001,1.23,1.3299999,84,13,0.91600007,-0.312,0.86100006,0.33800003,6.1663604,0,nan,0.0,3,1,8
128713168,1562313301400036,488478717,23577872,56059,102240,1.383,0.7720551,8.651,11.696,1.23,1.3299999,84,13,0.92600006,-0.113000005,0.92,-0.044000003,6.1663604,0,nan,0.0,3,1,8
128913131,1562313301600037,488478714,23577907,55497,101678,1.9030001,0.7721226,8.649,11.698001,1.23,1.3299999,84,13,1.197,0.73,0.94900006,0.094000004,6.1663604,0,nan,0.0,3,1,8
129114119,1562313301800037,488478723,23577921,55264,101445,2.104,0.7721973,8.658,11.696,1.23,1.3299999,84,13,0.822,0.614,0.54700005,0.003,6.1663604,0,nan,0.0,3,1,8
129315217,1562313302000037,488478740,23577913,55387,101568,2.2640002,0.7722778,8.675,11.6970005,1.23,1.3299999,84,19,0.43500003,0.42200002,0.105000004,-0.07300001,6.1663604,0,nan,0.0,3,1,8
129524108,1562313302200037,488478751,23577899,55148,101329,1.5740001,0.7723336,8.675,11.679001,1.23,1.3299999,84,19,0.80700004,0.70100003,-0.4,0.148,6.1663604,0,nan,0.0,3,1,8
129716067,1562313302400037,488478773,23577898,55284,101465,1.8720001,0.77240014,8.610001,11.567,1.23,1.3299999,84,19,0.52500004,0.47300002,0.22600001,-0.11000001,6.1663604,0,nan,0.0,3,1,8
129911337,1562313302600037,488478790,23577921,55106,101287,1.8610001,0.7724661,8.594001,11.563001,1.23,1.3299999,84,19,1.046,0.818,0.651,-0.356,6.1663604,0,nan,0.0,3,1,8
130116093,1562313302800037,488478781,23577925,54375,100556,1.8090001,0.7725303,8.578,11.545,1.23,1.3299999,84,19,0.528,0.37500003,0.37100002,0.031000001,6.1663604,0,nan,0.0,3,1,8
130316125,1562313303000037,488478756,23577915,53958,100139,1.585,0.7725865,8.55,11.508,1.23,1.3299999,84,15,0.57500005,-0.57500005,-0.007,0.28,6.1663604,0,nan,0.0,3,1,8
130515142,1562313303200037,488478722,23577904,53205,99386,1.7700001,0.77264935,8.521001,11.467001,1.23,1.3299999,84,15,0.90900004,-0.60400003,-0.679,0.49100003,6.1663604,0,nan,0.0,3,1,8
130715109,1562313303400037,488478701,23577892,52637,98818,1.7320001,0.7727108,8.495001,11.425,1.23,1.3299999,84,15,0.79600006,-0.669,-0.432,0.62100005,6.1663604,0,nan,0.0,3,1,8
130915140,1562313303600037,488478669,23577890,51598,97780,1.6910001,0.7727708,8.47,11.359,1.23,1.3299999,84,15,0.77400005,-0.58000004,-0.513,0.776,6.1663604,0,nan,0.0,3,1,8
131122209,1562313303800038,488478662,23577882,51113,97295,1.406,0.7728208,8.450001,11.298,1.23,1.3299999,84,15,0.38300002,-0.22200002,-0.31300002,0.86100006,6.1663604,0,nan,0.0,3,1,8
131318060,1562313304000038,488478665,23577867,50833,97014,1.2980001,0.77286667,8.448,11.274,1.23,1.3299999,84,15,0.42400002,-0.029000001,-0.423,0.90000004,6.1663604,0,nan,0.0,3,1,8
131537193,1562313304200038,488478655,23577853,50325,96506,1.393,0.7729162,8.442,11.248,1.23,1.3299999,84,15,0.49300003,-0.24300002,-0.42800003,1.0960001,6.1663604,0,nan,0.0,3,1,8
131713064,1562313304400038,488478644,23577847,49771,95952,1.3740001,0.7729649,8.433001,11.222,1.23,1.3299999,84,15,0.47700003,-0.35500002,-0.31800002,1.144,6.1663604,0,nan,0.0,3,1,8
131913677,1562313304600038,488478638,23577830,49557,95738,1.6430001,0.7730232,8.428,11.209001,1.23,1.3299999,84,15,0.82000005,-0.72700006,-0.381,1.0610001,6.1663604,0,nan,0.0,3,1,8
132113201,1562313304800038,488478626,23577827,49194,95375,1.4860001,0.77307594,8.404,11.161,1.23,1.3299999,84,15,0.771,-0.75600004,-0.148,0.9620001,6.1663604,0,nan,0.0,3,1,8
132316239,1562313305000038,488478608,23577820,48607,94788,1.452,0.7731274,8.382,11.124001,1.23,1.3299999,84,14,0.642,-0.48600003,-0.41900003,1.0450001,6.1663604,0,nan,0.0,3,1,8
132518166,1562313305200038,488478610,23577814,48614,94796,1.2520001,0.7731719,8.391001,11.114,1.23,1.3299999,84,14,0.74600005,-0.68500006,0.296,0.96800005,6.1663604,0,nan,0.0,3,1,8
132715313,1562313305400038,488478627,23577833,48747,94929,1.406,0.7732217,8.363001,11.023001,1.23,1.3299999,84,14,0.712,0.112,0.70400006,0.59800005,6.1663604,0,nan,0.0,3,1,8
132917202,1562313305600038,488478639,23577851,48719,94900,1.6320001,0.7732796,8.378,11.037001,1.23,1.3299999,84,14,0.82800007,0.303,0.77000004,0.514,6.1663604,0,nan,0.0,3,1,8
133115180,1562313305800039,488478629,23577857,48409,94590,1.315,0.7733262,8.398001,11.048,1.23,1.3299999,84,14,0.25300002,0.067,0.24400002,0.48400003,6.1663604,0,nan,0.0,3,1,8
133317153,1562313306000039,488478601,23577849,47908,94089,1.7190001,0.77338713,8.418,11.056001,1.23,1.3299999,84,15,0.71400005,-0.66700006,-0.256,0.70000005,6.1663604,0,nan,0.0,3,1,8
133533188,1562313306200039,488478582,23577846,47510,93691,1.715,0.7734479,8.408,11.065001,1.23,1.3299999,84,15,0.637,-0.546,-0.32900003,0.49500003,6.1663604,0,nan,0.0,3,1,8
133718839,1562313306400039,488478584,23577837,47606,93787,1.6060001,0.77350473,8.396001,11.0720005,1.23,1.3299999,84,15,0.49400002,-0.492,-0.045,0.365,6.1663604,0,nan,0.0,3,1,8
133920191,1562313306600039,488478585,23577831,47515,93696,1.514,0.7735585,8.382,11.082001,1.23,1.3299999,84,15,0.23700002,-0.132,-0.19700001,0.30400002,6.1663604,0,nan,0.0,3,1,8
134112052,1562313306800039,488478575,23577818,47543,93724,1.7910001,0.77362186,8.369,11.096001,1.23,1.3299999,84,15,0.68100005,-0.64100003,-0.22900002,0.1,6.1663604,0,nan,0.0,3,1,8
134311272,1562313307000039,488478557,23577800,47415,93597,1.8210001,0.7736864,8.356,11.108001,1.23,1.3299999,84,12,0.98800004,-0.87500006,-0.46,0.282,6.1663604,0,nan,0.0,3,1,8
134510169,1562313307200039,488478541,23577787,47351,93533,1.789,0.77374977,8.345,11.124001,1.23,1.3299999,84,12,0.99500006,-0.94600004,-0.307,0.365,6.1663604,0,nan,0.0,3,1,8
134710336,1562313307400039,488478545,23577788,47299,93481,1.143,0.7737903,8.338,11.1380005,1.23,1.3299999,84,12,0.256,-0.16800001,0.194,0.72,6.1663604,0,nan,0.0,3,1,8
134913181,1562313307600039,488478536,23577792,46965,93146,1.235,0.7738341,8.325001,11.149,1.23,1.3299999,84,12,0.125,-0.116000004,-0.049000002,0.70900005,6.1663604,0,nan,0.0,3,1,8
135113110,1562313307800039,488478537,23577797,46871,93052,1.0830001,0.7738725,8.315001,11.1640005,1.23,1.3299999,84,12,0.23700002,-0.057000004,0.23,0.63500005,6.1663604,0,nan,0.0,3,1,8
135313569,1562313308000040,488478528,23577780,46841,93023,1.5910001,0.7739287,8.305,11.177001,1.23,1.3299999,84,13,0.648,-0.623,-0.18,0.859,6.1663604,0,nan,0.0,3,1,8
135529679,1562313308200040,488478509,23577784,46507,92688,1.3840001,0.77397776,8.301001,11.1970005,1.23,1.3299999,84,13,0.52900004,-0.497,0.18100001,0.731,6.1663604,0,nan,0.0,3,1,8
135709079,1562313308400040,488478506,23577754,46623,92804,1.6960001,0.77403796,8.279,11.166,1.23,1.3299999,84,13,0.75900006,-0.651,-0.39000002,0.91400003,6.1663604,0,nan,0.0,3,1,8
135909078,1562313308600040,488478492,23577741,46344,92525,1.5450001,0.77409273,8.272,11.183001,1.23,1.3299999,84,13,0.55700004,-0.453,-0.32500002,0.87000006,6.1663604,0,nan,0.0,3,1,8
136109078,1562313308800040,488478477,23577725,46153,92334,1.289,0.7741383,8.26,11.205001,1.23,1.3299999,84,13,0.284,-0.27,-0.089,1.0,6.1663604,0,nan,0.0,3,1,8
136309092,1562313309000040,488478457,23577712,45984,92166,1.4590001,0.77418995,8.247001,11.225,1.23,1.3299999,84,12,0.44200003,-0.423,-0.128,0.78800005,6.1663604,0,nan,0.0,3,1,8
136512143,1562313309200040,488478423,23577721,45674,91856,1.2750001,0.77423954,8.237,11.249001,1.23,1.3299999,84,12,1.1500001,-0.84000003,0.786,0.8,6.1663604,0,nan,0.0,3,1,8
136713177,1562313309400040,488478404,23577734,45445,91626,1.153,0.77428037,8.229,11.272,1.23,1.3299999,84,12,0.63500005,-0.30400002,0.55700004,0.61700004,6.1663604,0,nan,0.0,3,1,8
136915128,1562313309600040,488478389,23577751,45175,91356,1.144,0.77432084,8.219001,11.292001,1.23,1.3299999,84,12,0.734,-0.19500001,0.708,0.45400003,6.1663604,0,nan,0.0,3,1,8
137113214,1562313309800040,488478389,23577763,45095,91276,1.365,0.7743692,8.205,11.313001,1.23,1.3299999,84,12,0.62100005,0.33200002,0.52500004,0.31300002,6.1663604,0,nan,0.0,3,1,8
137309126,1562313310000040,488478389,23577777,44960,91141,1.3790001,0.77441806,8.200001,11.345,1.23,1.3299999,84,11,0.768,0.256,0.72400004,0.335,6.1663604,0,nan,0.0,3,1,8
137531131,1562313310200041,488478388,23577795,44853,91034,1.3570001,0.7744661,8.193001,11.372001,1.23,1.3299999,84,11,0.98700005,0.23600002,0.95900005,0.418,6.1663604,0,nan,0.0,3,1,8
137711185,1562313310400041,488478366,23577789,44681,90863,1.442,0.77451724,8.188001,11.404,1.23,1.3299999,84,11,0.455,-0.335,0.30800003,0.72400004,6.1663604,0,nan,0.0,3,1,8
137912072,1562313310600041,488478342,23577775,44337,90519,1.5280001,0.7745713,8.186001,11.436001,1.23,1.3299999,84,11,0.37600002,-0.317,-0.202,0.72900003,6.1663604,0,nan,0.0,3,1,8
138112059,1562313310800041,488478329,23577768,44270,90451,1.202,0.7746139,8.182,11.461,1.23,1.3299999,84,11,0.15300001,-0.082,0.12900001,0.586,6.1663604,0,nan,0.0,3,1,8
138314135,1562313311000041,488478315,23577764,44011,90192,1.0910001,0.7746525,8.179001,11.487,1.23,1.3299999,84,13,0.10300001,0.027,0.09900001,0.558,6.1663604,0,nan,0.0,3,1,8
138509419,1562313311200041,488478281,23577746,43621,89802,1.6610001,0.7747113,8.178,11.515,1.23,1.3299999,84,13,0.72800004,-0.68500006,-0.24800001,0.924,6.1663604,0,nan,0.0,3,1,8
138711210,1562313311400041,488478282,23577704,43913,90094,1.6570001,0.77476996,8.159,11.483001,1.23,1.3299999,84,13,0.92,-0.49400002,-0.776,0.91,6.1663604,0,nan,0.0,3,1,8
138910244,1562313311600041,488478273,23577695,43801,89982,1.5220001,0.77482384,8.172,11.527,1.23,1.3299999,84,13,0.21100001,-0.14,-0.157,0.674,6.1663604,0,nan,0.0,3,1,8
139114802,1562313311800041,488478261,23577682,43782,89963,1.2620001,0.77486837,8.198,11.577001,1.23,1.3299999,84,13,0.087000005,-0.054,0.069000006,0.564,6.1663604,0,nan,0.0,3,1,8
139310160,1562313312000041,488478266,23577672,43792,89974,1.493,0.77492124,8.229,11.6310005,1.23,1.3299999,84,12,0.66700006,0.66,-0.098000005,0.25800002,6.1663604,0,nan,0.0,3,1,8
139530194,1562313312200041,488478261,23577683,43648,89829,1.9520001,0.7749904,8.264,11.687,1.23,1.3299999,84,12,0.89500004,0.58100003,0.68100005,0.254,6.1663604,0,nan,0.0,3,1,8
139713847,1562313312400042,488478246,23577703,43308,89489,1.603,0.77504706,8.293,11.738001,1.23,1.3299999,84,12,1.026,0.22800002,1.0,0.48000002,6.1663604,0,nan,0.0,3,1,8
139909048,1562313312600042,488478232,23577727,42806,88987,1.468,0.7750989,8.314,11.786,1.23,1.3299999,84,12,0.97700006,0.273,0.938,0.54200006,6.1663604,0,nan,0.0,3,1,8
140113048,1562313312800042,488478230,23577761,42591,88772,1.6060001,0.77515584,8.335,11.829,1.23,1.3299999,84,12,1.2850001,0.32700002,1.243,0.31100002,6.1663604,0,nan,0.0,3,1,8
140311529,1562313313000042,488478240,23577774,42631,88813,1.7650001,0.7752183,8.371,11.878,1.23,1.3299999,84,12,1.0090001,0.44500002,0.906,0.342,6.1663604,0,nan,0.0,3,1,8
140513048,1562313313200042,488478230,23577779,42377,88558,1.401,0.7752679,8.410001,11.927001,1.23,1.3299999,84,12,0.65500003,0.058000002,0.65300006,0.62100005,6.1663604,0,nan,0.0,3,1,8
140713231,1562313313400042,488478197,23577771,41707,87888,1.59,0.77532405,8.4470005,11.97,1.23,1.3299999,84,12,0.47100002,-0.47100002,-0.010000001,0.957,6.1663604,0,nan,0.0,3,1,8
140916059,1562313313600042,488478194,23577755,41737,87919,1.8470001,0.7753894,8.491,12.024,1.23,1.3299999,84,12,0.45000002,-0.30100003,-0.33400002,0.637,6.1663604,0,nan,0.0,3,1,8
141114238,1562313313800042,488478186,23577758,41497,87678,1.5170001,0.7754431,8.537001,12.081,1.23,1.3299999,84,12,0.29900002,-0.26500002,0.13800001,0.66,6.1663604,0,nan,0.0,3,1,8
141314347,1562313314000042,488478168,23577759,41587,87769,1.554,0.7754979,8.581,12.13,1.23,1.3299999,84,16,1.284,-1.0810001,0.69200003,0.712,6.1663604,0,nan,0.0,3,1,8
141536180,1562313314200042,488478150,23577763,41704,87885,1.7260001,0.775559,8.615001,12.179001,1.23,1.3299999,84,16,1.2620001,-1.133,0.55600005,0.72700006,6.1663604,0,nan,0.0,3,1,8
141708107,1562313314400043,488478131,23577766,41772,87954,1.733,0.7756203,8.634001,12.225,1.8199999,2.51,84,16,0.64000005,-0.60300004,0.21400002,0.46100003,6.1663604,0,nan,0.0,3,1,6
141911707,1562313314600043,488478097,23577759,41428,87609,1.8320001,0.775685,8.653001,12.279,1.8199999,2.51,84,16,0.483,-0.47300002,-0.098000005,0.65900004,6.1663604,0,nan,0.0,3,1,6
142109165,1562313314800043,488478043,23577746,41516,87697,1.7780001,0.77574784,8.634001,12.328001,1.8199999,2.51,84,16,0.72200006,-0.707,0.15100001,0.45900002,6.1663604,0,nan,0.0,3,1,6
142310814,1562313315000043,488478000,23577727,41638,87819,1.8080001,0.77581173,8.612,12.369,1.8199999,2.51,84,10,0.943,-0.943,0.029000001,0.568,6.1663604,0,nan,0.0,3,1,6
142502418,1562313315200043,488477970,23577722,41548,87729,1.904,0.7758789,8.592,12.405001,1.8199999,2.51,84,10,0.316,-0.25800002,-0.18300001,0.186,6.1663604,0,nan,0.0,3,1,6
142710202,1562313315400043,488477936,23577705,41305,87486,1.7990001,0.7759426,8.573,12.428,1.8199999,2.51,84,10,0.25300002,-0.163,-0.194,0.19700001,6.1663604,0,nan,0.0,3,1,6
142913106,1562313315600043,488477912,23577677,41308,87489,1.835,0.77600735,8.559,12.452001,1.8199999,2.51,84,10,0.565,-0.393,-0.40600002,0.333,6.1663604,0,nan,0.0,3,1,6
143110397,1562313315800043,488477890,23577642,41054,87236,1.8510001,0.7760728,8.5460005,12.443001,1.8199999,2.51,84,10,0.92800003,-0.708,-0.59900004,0.416,6.1663604,0,nan,0.0,3,1,6
143310666,1562313316000043,488477872,23577608,40823,87004,1.8650001,0.7761386,8.537001,12.433001,1.8199999,2.51,84,12,0.99600005,-0.73300004,-0.675,0.48900002,6.1663604,0,nan,0.0,3,1,6
143509122,1562313316200043,488477850,23577588,40176,86357,1.4480001,0.77620775,8.541,12.486001,1.8199999,2.51,84,12,1.9420002,0.92300004,-1.7080001,0.22500001,6.1663604,0,nan,0.0,3,1,6
143711450,1562313316400043,488477842,23577569,39992,86173,1.9770001,0.77627754,8.591001,12.553,1.8199999,2.51,84,12,0.558,-0.003,-0.558,0.30100003,6.1663604,0,nan,0.0,3,1,6
143907016,1562313316600044,488477813,23577567,39363,85544,2.325,0.77635956,8.651,12.593,1.8199999,2.51,84,12,0.476,-0.44700003,-0.163,0.568,6.1663604,0,nan,0.0,3,1,6
144109380,1562313316800044,488477766,23577538,38613,84794,2.525,0.7764488,8.711,12.623,1.8199999,2.51,84,12,1.266,-1.141,-0.54800004,1.08,6.1663604,0,nan,0.0,3,1,6
144308189,1562313317000044,488477765,23577568,38320,84501,1.794,0.77651197,8.755,12.677001,1.8199999,2.51,84,13,0.50200003,-0.485,0.128,0.73800004,6.1663604,0,nan,0.0,3,1,6
144509129,1562313317200044,488477780,23577572,38631,84812,1.0480001,0.7765489,8.775001,12.725,1.8199999,2.51,84,13,0.17600001,0.13800001,0.109000005,0.545,6.1663604,0,nan,0.0,3,1,6
144707309,1562313317400044,488477805,23577587,38970,85152,1.506,0.7766022,8.791,12.741,1.8199999,2.51,84,13,0.83500004,0.259,0.79300004,0.35900003,6.1663604,0,nan,0.0,3,1,6
144907151,1562313317600044,488477815,23577609,39237,85418,1.3920001,0.7766514,8.7890005,12.779,1.8199999,2.51,84,13,1.3130001,0.083000004,1.3100001,0.37,6.1663604,0,nan,0.0,3,1,6
145099313,1562313317800044,488477817,23577642,39103,85285,1.5370001,0.7767055,8.788,12.814001,1.8199999,2.51,84,13,1.228,0.26700002,1.1980001,0.24700001,6.1663604,0,nan,0.0,3,1,6
145311061,1562313318000044,488477829,23577662,39192,85374,1.7220001,0.7767664,8.812,12.85,1.8199999,2.51,84,10,1.223,0.568,1.0840001,0.32700002,6.1663604,0,nan,0.0,3,1,6
145508072,1562313318200044,488477823,23577664,39086,85268,1.251,0.7768106,8.839001,12.861001,1.8199999,2.51,84,10,0.72800004,0.082,0.72300005,0.492,6.1663604,0,nan,0.0,3,1,6
145711227,1562313318400044,488477818,23577647,39210,85391,1.36,0.77685857,8.862,12.880001,1.8199999,2.51,84,10,0.16000001,-0.123,0.102000006,0.64100003,6.1663604,0,nan,0.0,3,1,6
145907805,1562313318600044,488477776,23577616,38685,84867,1.945,0.7769272,8.887,12.902,1.8199999,2.51,84,10,1.016,-0.93700004,-0.393,0.957,6.1663604,0,nan,0.0,3,1,6
146110177,1562313318800045,488477744,23577586,38560,84741,1.9420002,0.7769956,8.912001,12.958,1.8199999,2.51,84,10,1.187,-1.072,-0.51000005,1.1240001,6.1663604,0,nan,0.0,3,1,6
146308814,1562313319000045,488477736,23577597,38499,84680,1.5610001,0.77705073,8.941,13.007001,1.8199999,2.51,84,12,0.462,-0.42700002,0.17600001,0.651,6.1663604,0,nan,0.0,3,1,6
146513986,1562313319200045,488477725,23577584,38615,84797,1.8800001,0.7771171,8.956,13.022,1.8199999,2.51,84,12,0.572,-0.55700004,-0.13100001,0.49400002,6.1663604,0,nan,0.0,3,1,6
146709134,1562313319400045,488477704,23577582,38286,84467,1.7360001,0.7771783,8.97,13.032001,1.8199999,2.51,84,12,0.37800002,-0.377,-0.030000001,0.52000004,6.1663604,0,nan,0.0,3,1,6
146905867,1562313319600045,488477688,23577566,38244,84426,1.7580001,0.7772403,8.979,13.053,1.8199999,2.51,84,12,0.59900004,-0.59000003,-0.104,0.74300003,6.1663604,0,nan,0.0,3,1,6
147108290,1562313319800045,488477682,23577561,38265,84446,1.485,0.7772926,8.983001,13.05,1.8199999,2.51,84,12,0.296,-0.294,0.033,0.68700004,6.1663604,0,nan,0.0,3,1,6
147305159,1562313320000045,488477687,23577557,38499,84680,1.3110001,0.77733886,8.992001,13.054001,1.8199999,2.51,84,12,0.13100001,-0.098000005,0.087000005,0.43800002,6.1663604,0,nan,0.0,3,1,6
147508218,1562313320200045,488477690,23577554,38621,84803,1.192,0.77738094,9.011001,13.055,1.8199999,2.51,84,12,0.31100002,-0.179,0.254,0.335,6.1663604,0,nan,0.0,3,1,6
147706178,1562313320400045,488477668,23577557,38303,84484,1.659,0.7774396,9.049001,13.093,1.8199999,2.51,84,12,0.39600003,-0.38700002,0.082,0.44300002,6.1663604,0,nan,0.0,3,1,6
147911297,1562313320600045,488477620,23577559,37746,83928,2.085,0.7775131,9.0720005,13.067,1.8199999,2.51,84,12,0.90500003,-0.878,-0.21900001,0.402,6.1663604,0,nan,0.0,3,1,6
148112048,1562313320800045,488477565,23577566,37118,83299,2.2240002,0.7775914,9.092,13.041,1.8199999,2.51,84,12,0.95000005,-0.827,-0.46800002,-0.117000006,6.1663604,0,nan,0.0,3,1,6
148311230,1562313321000046,488477566,23577582,36978,83159,1.1850001,0.7776333,9.1,13.017,1.8199999,2.51,84,11,0.37,-0.259,0.264,0.142,6.1663604,0,nan,0.0,3,1,6
148512132,1562313321200046,488477543,23577609,36319,82500,1.131,0.7776731,9.113001,13.005001,1.8199999,2.51,84,11,0.77500004,-0.39400002,0.66700006,0.67,6.1663604,0,nan,0.0,3,1,6
148706206,1562313321400046,488477507,23577629,35798,81979,1.437,0.7777237,9.1380005,12.994,1.8199999,2.51,84,11,0.781,-0.684,0.37800002,0.59400004,6.1663604,0,nan,0.0,3,1,6
148911160,1562313321600046,488477497,23577668,35178,81359,1.2520001,0.7777756,9.181001,13.01,1.8199999,2.51,84,11,0.99500006,-0.216,0.9710001,1.0780001,6.1663604,0,nan,0.0,3,1,6
149106154,1562313321800046,488477529,23577685,35599,81780,1.838,0.7778403,9.225,13.037001,1.8199999,2.51,84,11,0.74500006,0.52000004,0.53300005,0.71800005,6.1663604,0,nan,0.0,3,1,6
149309075,1562313322000046,488477558,23577697,35963,82144,1.769,0.7779026,9.267,13.069,1.8199999,2.51,84,11,0.91400003,0.35700002,0.841,0.61800003,6.1663604,0,nan,0.0,3,1,6
149509561,1562313322200046,488477591,23577708,35683,81864,2.078,0.7779759,9.327001,13.103001,1.8199999,2.51,84,11,1.404,1.404,0.033,1.049,6.1663604,0,nan,0.0,3,1,6
149710382,1562313322400046,488477626,23577723,35579,81760,2.513,0.7780644,9.385,13.145,1.8199999,2.51,84,11,1.6400001,1.6120001,0.30100003,0.808,6.1663604,0,nan,0.0,3,1,6
149909686,1562313322600046,488477645,23577723,35970,82151,2.411,0.7781494,9.423,13.184001,1.8199999,2.51,84,11,0.934,0.864,0.354,0.256,6.1663604,0,nan,0.0,3,1,6
150110359,1562313322800046,488477651,23577722,35735,81916,2.0370002,0.77822113,9.462001,13.216001,1.8199999,2.51,84,11,0.65500003,0.65500003,0.014,0.45100003,6.1663604,0,nan,0.0,3,1,6
150310208,1562313323000046,488477673,23577727,35889,82070,1.8370001,0.7782859,9.503,13.246,1.8199999,2.51,84,12,0.61700004,0.37800002,0.48800004,0.544,6.1663604,0,nan,0.0,3,1,6
150514190,1562313323200047,488477669,23577737,35630,81811,1.5860001,0.77834177,9.552,13.278001,1.8199999,2.51,84,12,0.37,0.11000001,0.354,0.544,6.1663604,0,nan,0.0,3,1,6
150713083,1562313323400047,488477710,23577759,35516,81697,2.4390001,0.7784276,9.612,13.307,1.8199999,2.51,84,12,1.213,1.1500001,0.38700002,0.48900002,6.1663604,0,nan,0.0,3,1,6
150912066,1562313323600047,488477678,23577770,35189,81370,1.197,0.77846986,9.644,13.314001,1.8199999,2.51,84,12,0.753,-0.319,0.683,0.282,6.1663604,0,nan,0.0,3,1,6
151112420,1562313323800047,488477671,23577757,34971,81152,1.9290001,0.77853775,9.663,13.297001,1.8199999,2.51,84,12,0.46300003,-0.42400002,-0.187,0.55700004,6.1663604,0,nan,0.0,3,1,6
151317048,1562313324000047,488477683,23577749,35011,81192,2.16,0.77861387,9.68,13.264001,1.8199999,2.51,84,14,0.363,-0.279,-0.23300001,0.30400002,6.1663604,0,nan,0.0,3,1,6
151515814,1562313324200047,488477774,23577749,35744,81925,1.835,0.7786784,9.691,13.239,1.8199999,2.51,84,14,1.1830001,1.113,0.402,0.89000005,6.1663604,0,nan,0.0,3,1,6
151711114,1562313324400047,488477809,23577761,35921,82102,2.194,0.77875555,9.726001,13.240001,1.8199999,2.51,84,14,1.051,0.81700003,0.661,0.39000002,6.1663604,0,nan,0.0,3,1,6
151917057,1562313324600047,488477832,23577770,36165,82347,2.1920002,0.77883273,9.742001,13.250001,1.8199999,2.51,84,14,0.79300004,0.669,0.42700002,-0.223,6.1663604,0,nan,0.0,3,1,6
152115445,1562313324800047,488477880,23577833,36479,82660,1.9950001,0.6820795,9.761001,13.288001,1.8199999,2.51,84,14,2.4450002,0.99500006,2.2340002,-0.40800002,0.60117495,0,nan,0.0,3,1,6
152319182,1562313325000047,488477928,23577869,36727,82908,2.1320002,0.4832619,9.753,13.309001,1.8199999,2.51,84,14,2.288,1.7220001,1.5070001,-0.615,0.6794903,0,nan,0.0,3,1,6
152518370,1562313325200047,488477937,23577891,36799,82980,1.9490001,0.7367593,9.7560005,13.321001,1.8199999,2.51,84,14,1.557,0.90800005,1.2650001,-0.563,0.76029974,0,nan,0.0,3,1,6
152714163,1562313325400048,488477965,23577907,37145,83326,2.0010002,0.73683363,9.745001,13.319,1.8199999,2.51,84,14,1.439,1.1290001,0.892,-0.45700002,0.76029974,0,nan,0.0,3,1,6
152913052,1562313325600048,488477951,23577896,37102,83284,1.4590001,0.73688793,9.727,13.299001,1.8199999,2.51,84,14,0.12900001,0.009000001,0.12900001,-0.24000001,0.76029974,0,nan,0.0,3,1,6
153113150,1562313325800048,488477956,23577909,37300,83481,1.5610001,0.73694605,9.707001,13.275001,1.8199999,2.51,84,14,0.36800003,0.056,0.363,-0.62600005,0.76029974,0,nan,0.0,3,1,6
153315312,1562313326000048,488477953,23577918,37358,83539,1.447,0.7369998,9.704,13.265,1.8199999,2.51,84,16,0.30400002,0.09,0.29000002,-0.845,0.76029974,0,nan,0.0,3,1,6
153515147,1562313326200048,488477937,23577925,37131,83312,1.7030001,0.7370633,9.695001,13.246,1.8199999,2.51,84,16,0.41700003,0.11400001,0.40100002,-0.24300002,0.76029974,0,nan,0.0,3,1,6
153714149,1562313326400048,488477980,23577929,37811,83992,1.8640001,0.7371326,9.689,13.234,1.8199999,2.51,84,16,1.0860001,0.77500004,0.76100004,0.15900001,0.76029974,0,nan,0.0,3,1,6
153934240,1562313326600048,488478069,23577987,38300,84481,1.8390001,0.32166836,9.673,13.202001,1.62,2.05,84,16,3.0230002,2.703,1.355,0.45000002,0.51189315,0,nan,0.0,3,1,7
154121116,1562313326800048,488478198,23578032,39266,85447,2.078,0.24808405,9.668,13.1640005,1.62,2.05,84,16,3.9190001,3.561,1.6370001,0.497,0.46101335,0,nan,0.0,3,1,7
154314128,1562313327000048,488478318,23578047,40457,86638,2.354,0.4133374,9.675,13.143001,1.23,1.3299999,84,15,3.5240002,3.4840002,0.53300005,0.123,0.37893486,0,nan,0.0,3,1,8
154512075,1562313327200048,488478377,23578086,41240,87422,2.19,0.73255306,9.675,13.123001,1.23,1.3299999,84,15,2.344,1.7590001,1.549,-0.36600003,0.46181828,0,nan,0.0,3,1,8
154708143,1562313327400049,488478511,23578131,42910,89092,2.098,0.7731843,9.64,13.016001,1.62,2.05,84,15,1.9120001,1.4790001,1.2110001,-0.19900002,0.5679713,0,nan,0.0,3,1,7
154911292,1562313327600049,488478605,23578157,44650,90831,1.2420001,0.7732283,9.5720005,12.836,1.62,2.05,84,15,0.58900005,-0.046000004,0.587,-0.507,0.5679713,0,nan,0.0,3,1,7
155112065,1562313327800049,488478695,23578145,46651,92832,2.0500002,0.7733009,9.530001,12.713,1.62,2.05,84,15,1.264,-1.225,-0.31100002,-0.22000001,0.5679713,0,nan,0.0,3,1,7
155311345,1562313328000049,488478771,23578159,47606,93787,1.2520001,0.7733454,9.463,12.582001,1.62,2.05,84,11,0.23900001,0.021000002,-0.238,-0.45900002,0.5679713,0,nan,0.0,3,1,7
155499783,1562313328200049,488478844,23578165,47847,94028,1.3100001,0.77339184,9.376,12.387001,1.62,2.05,84,11,0.41000003,0.062000003,0.40600002,-0.29000002,0.5679713,0,nan,0.0,3,1,7
155708218,1562313328400049,488478916,23578131,48981,95163,1.7350001,0.77345324,9.282001,12.191001,1.62,2.05,84,11,1.2490001,-0.791,-0.96700007,0.2,0.5679713,0,nan,0.0,3,1,7
155927134,1562313328600049,488478930,23578081,49551,95732,1.6290001,0.54459363,9.154,11.948001,1.62,2.05,84,11,2.2210002,-1.3850001,-1.7360001,0.26900002,4.970888,0,nan,0.0,3,1,7
156111181,1562313328800049,488478935,23578020,49716,95898,1.618,0.7123112,8.976001,11.601001,1.62,2.05,84,11,1.9620001,-1.3060001,-1.4640001,0.887,4.606632,0,nan,0.0,3,1,7
156312104,1562313329000049,488478920,23577974,50164,96345,1.291,0.7123723,8.732,11.26,1.62,2.05,84,15,1.3670001,-0.703,-1.172,0.80700004,4.606632,0,nan,0.0,3,1,7
156506600,1562313329200049,488478871,23577960,49519,95701,0.82600003,0.7124163,8.491,10.942,1.62,2.05,84,15,0.637,-0.22100002,-0.597,0.94900006,4.606632,0,nan,0.0,3,1,7
157110310,1562313329800050,488478781,23577831,48936,95117,0.94600004,0.71259034,8.075001,10.472,1.62,2.05,84,15,1.3540001,0.448,-1.2780001,1.075,4.606632,0,nan,0.0,3,1,7
157312140,1562313330000050,488478712,23577775,48607,94789,0.81200004,0.7126491,7.8980002,10.393001,1.62,2.05,84,14,1.003,0.85,-0.53300005,1.153,4.606632,0,nan,0.0,3,1,7
157514312,1562313330200050,488478719,23577747,48600,94781,0.994,0.7126998,7.8360004,10.366,1.62,2.05,84,14,0.377,0.001,0.377,1.2570001,4.606632,0,nan,0.0,3,1,7
157714133,1562313330400050,488478672,23577718,48279,94460,0.85700005,0.7127528,7.7180004,10.334001,1.62,2.05,84,14,0.73800004,0.54,0.503,1.164,4.606632,0,nan,0.0,3,1,7
157934295,1562313330600050,488478690,23577698,48246,94427,1.011,0.712805,7.6530004,10.274,1.62,2.05,84,14,0.93100005,0.39000002,0.845,0.99000007,4.606632,0,nan,0.0,3,1,7
158109646,1562313330800050,488478707,23577637,48611,94792,0.9250001,0.71284235,7.5780005,10.201,1.62,2.05,84,14,0.15,0.15,-0.009000001,0.95900005,4.606632,0,nan,0.0,3,1,7
158311212,1562313331000050,488478696,23577603,48861,95042,1.1930001,0.71288824,7.5010004,10.151,1.62,2.05,84,10,0.40500003,-0.29500002,-0.27800003,0.84400004,4.606632,0,nan,0.0,3,1,7
158518131,1562313331200050,488478637,23577539,48502,94684,0.721,0.7129221,7.3320003,9.990001,1.62,2.05,84,10,0.42100003,0.407,-0.105000004,0.77400005,4.606632,0,nan,0.0,3,1,7
158720115,1562313331400050,488478609,23577466,48412,94593,0.64000005,0.7129516,7.037,9.863001,1.62,2.05,84,10,0.372,0.36600003,0.063,0.67,4.606632,0,nan,0.0,3,1,7
158924064,1562313331600050,488478561,23577413,46250,92431,0.81200004,0.7129868,6.8820004,9.642,1.62,2.05,84,10,0.77400005,0.711,0.307,0.48900002,4.606632,0,nan,0.0,3,1,7
159115193,1562313331800051,488478563,23577379,46314,92495,0.81000006,0.71301794,6.774,9.522,1.62,2.05,84,10,0.661,0.63600004,0.179,0.305,4.606632,0,nan,0.0,3,1,7
159319150,1562313332000051,488478494,23577349,44885,91066,0.82600003,0.7130497,6.5940003,9.279,1.62,2.05,84,18,0.762,0.70900005,0.27800003,0.254,4.606632,0,nan,0.0,3,1,7
159514555,1562313332200051,488478432,23577323,44509,90691,0.744,0.7130942,6.4290004,9.226001,1.62,2.05,84,18,1.07,1.0220001,0.31800002,0.437,4.606632,0,nan,0.0,3,1,7
159715220,1562313332400051,488478349,23577302,43796,89977,0.86500007,0.7131376,6.2760005,9.137,1.62,2.05,84,18,0.90900004,0.48200002,0.77000004,0.67200005,4.606632,0,nan,0.0,3,1,7
159934506,1562313332600051,488478371,23577320,43710,89892,1.0170001,0.630966,6.229,9.092,1.62,2.05,84,18,1.389,0.89500004,1.062,0.328,6.0354576,0,nan,0.0,3,1,7
160118215,1562313332800051,488478407,23577334,43761,89943,1.054,0.640569,6.1640005,8.994,1.62,2.05,84,18,1.4250001,1.215,0.74500006,0.24400002,0.14518031,0,nan,0.0,3,1,7
160313076,1562313333000051,488478445,23577355,43989,90171,1.3750001,0.64063966,6.1450005,8.966001,1.62,2.05,84,12,1.5780001,1.258,0.95400006,0.497,0.14518031,0,nan,0.0,3,1,7
160515172,1562313333200051,488478472,23577350,44369,90550,1.085,0.6406861,6.137,8.940001,1.62,2.05,84,12,0.46,-0.027,0.46,-0.068,0.14518031,0,nan,0.0,3,1,7
160710401,1562313333400051,488478500,23577331,44841,91022,1.182,0.6407367,6.1280003,8.904,1.62,2.05,84,12,0.43400002,0.057000004,0.43,0.060000002,0.14518031,0,nan,0.0,3,1,7
160914136,1562313333600051,488478534,23577302,45416,91597,1.434,0.6407981,6.1130004,8.861,1.62,2.05,84,12,0.559,0.54200006,0.13700001,-0.068,0.14518031,0,nan,0.0,3,1,7
161113064,1562313333800051,488478553,23577308,45304,91485,1.2340001,0.640851,6.097,8.833,1.62,2.05,84,12,0.497,0.36900002,0.333,0.171,0.14518031,0,nan,0.0,3,1,7
161322178,1562313334000052,488478587,23577284,45923,92105,1.0660001,0.64090425,6.0740004,8.824,1.62,2.05,84,15,1.2440001,1.2420001,0.069000006,0.059000004,0.14518031,0,nan,0.0,3,1,7
161521107,1562313334200052,488478601,23577274,46007,92189,1.144,0.7444022,6.038,8.811001,1.62,2.05,84,15,1.1780001,0.97700006,0.65800005,0.104,0.33576345,0,nan,0.0,3,1,7
161720150,1562313334400052,488478603,23577271,45403,91585,0.887,0.7444349,6.0210004,8.784,1.62,2.05,84,15,0.294,0.185,0.22900002,0.569,0.33576345,0,nan,0.0,3,1,7
161937099,1562313334600052,488478613,23577272,45306,91487,1.074,0.74447435,6.01,8.776,1.62,2.05,84,15,0.74500006,0.708,0.23200001,0.44300002,0.33576345,0,nan,0.0,3,1,7
162121058,1562313334800052,488478638,23577295,45117,91299,1.575,0.60996044,6.0080004,8.767,1.62,2.05,84,15,1.3470001,0.94000006,0.96400005,0.094000004,0.61218727,0,nan,0.0,3,1,7
162323376,1562313335000052,488478660,23577319,44943,91124,1.536,0.5720568,6.004,8.761001,1.62,2.05,84,14,1.3900001,0.97400004,0.99200004,-0.022000002,0.70925605,0,nan,0.0,3,1,7
162515278,1562313335200052,488478690,23577302,45489,91670,1.353,0.5721215,6.0000005,8.766001,1.62,2.05,84,14,1.0940001,1.0270001,0.37800002,-0.11400001,0.70925605,0,nan,0.0,3,1,7
162715256,1562313335400052,488478725,23577285,46030,92212,1.452,0.5721912,6.004,8.774,1.62,2.05,84,14,1.105,1.042,0.36800003,-0.16700001,0.70925605,0,nan,0.0,3,1,7
162920118,1562313335600052,488478748,23577276,46075,92256,1.2950001,0.5722533,6.011,8.778001,1.62,2.05,84,14,0.87000006,0.87000006,-0.033,-0.15,0.70925605,0,nan,0.0,3,1,7
163112058,1562313335800052,488478789,23577237,46891,93072,1.3010001,0.5723156,6.0230002,8.791,1.62,2.05,84,14,1.1470001,1.056,-0.44700003,-0.349,0.70925605,0,nan,0.0,3,1,7
163307198,1562313336000052,488478862,23577173,48697,94878,1.5280001,0.5723887,6.0160003,8.731,1.23,1.3299999,84,12,0.75500005,0.661,0.365,-0.688,0.70925605,0,nan,0.0,3,1,8
163511125,1562313336200053,488478908,23577102,50111,96292,1.2570001,0.5724489,6.012,8.662001,1.23,1.3299999,84,12,0.351,0.018000001,-0.351,-0.52400005,0.70925605,0,nan,0.0,3,1,8
163711154,1562313336400053,488478944,23577023,51375,97556,1.618,0.57252645,6.0140004,8.6,1.23,1.3299999,84,12,1.1040001,-0.324,-1.056,-0.43500003,0.70925605,0,nan,0.0,3,1,8
163923175,1562313336600053,488478966,23576969,52264,98445,1.7590001,0.57261074,6.018,8.543,1.23,1.3299999,84,12,1.103,-0.49600002,-0.98600006,-0.35700002,0.70925605,0,nan,0.0,3,1,8
164110338,1562313336800053,488478996,23576931,52996,99177,1.5410001,0.5726845,6.03,8.511001,1.23,1.3299999,84,12,0.68700004,-0.13700001,-0.674,0.033,0.70925605,0,nan,0.0,3,1,8
164314116,1562313337000053,488479007,23576891,53780,99962,1.9430001,0.57277757,6.0530005,8.493,1.23,1.3299999,84,13,0.91600007,-0.47700003,-0.78200006,-0.097,0.70925605,0,nan,0.0,3,1,8
164510146,1562313337200053,488479072,23576877,54905,101087,2.071,0.5728767,6.084,8.474,1.23,1.3299999,84,13,0.89300007,0.85200006,0.268,-0.277,0.70925605,0,nan,0.0,3,1,8
164709060,1562313337400053,488479113,23576898,55367,101549,2.006,0.5729727,6.1320004,8.507,1.62,2.05,84,13,1.4740001,1.3690001,0.546,-0.642,0.70925605,0,nan,0.0,3,1,7
164909142,1562313337600053,488479146,23576918,55568,101749,2.052,0.5730708,6.189,8.545,1.62,2.05,84,13,1.48,1.432,0.37600002,-0.568,0.70925605,0,nan,0.0,3,1,7
165109398,1562313337800053,488479157,23576925,55645,101827,1.9280001,0.57316315,6.2380004,8.574,1.62,2.05,84,13,0.836,0.82600003,0.126,-0.381,0.70925605,0,nan,0.0,3,1,7
165313063,1562313338000053,488479164,23576995,54814,100996,1.9720001,0.6732633,6.255,8.568001,1.62,2.05,85,14,1.697,1.639,0.439,0.437,0.52122456,0,nan,0.0,3,1,7
165509093,1562313338200053,488479193,23577042,54203,100384,2.0070002,0.54308987,6.295,8.583,1.62,2.05,85,14,2.232,2.1850002,0.45400003,0.93000007,0.32942912,0,nan,0.0,3,1,7
165712190,1562313338400054,488479210,23577074,53512,99694,1.9790001,0.7113063,6.3430004,8.601001,1.62,2.05,85,14,2.019,2.0180001,-0.074,1.042,0.19452584,0,nan,0.0,3,1,7
165920171,1562313338600054,488479219,23577067,53014,99195,1.429,0.71138257,6.3940005,8.6310005,1.62,2.05,85,14,1.562,1.358,-0.77300006,1.215,0.19452584,0,nan,0.0,3,1,7
166111216,1562313338800054,488479260,23577049,53175,99356,1.508,0.7114642,6.451,8.67,1.62,2.05,85,14,1.9360001,1.7290001,-0.87100005,0.864,0.19452584,0,nan,0.0,3,1,7
166307316,1562313339000054,488479253,23577019,53666,99847,1.945,0.71153927,6.511,8.715,1.62,2.05,85,13,0.523,-0.5,-0.15400001,0.37500003,0.19452584,0,nan,0.0,3,1,7
166506941,1562313339200054,488479255,23577045,53858,100039,1.289,0.71159947,6.5780005,8.769,1.62,2.05,85,13,1.457,-0.938,1.1140001,0.57000005,0.19452584,0,nan,0.0,3,1,7
166708248,1562313339400054,488479260,23577083,53714,99895,1.4150001,0.71165395,6.6520004,8.828,1.62,2.05,85,13,0.73700005,-0.141,0.72300005,0.675,0.19452584,0,nan,0.0,3,1,7
167311162,1562313340000054,488479229,23577117,54246,100427,2.2570002,0.71186006,6.88,9.015,1.62,2.05,85,13,1.411,-1.393,-0.22900002,0.411,0.19452584,0,nan,0.0,3,1,7
168106501,1562313340800055,488479196,23577007,54202,100383,2.046,0.712187,7.1530004,9.280001,1.62,2.05,85,13,1.9070001,-0.75600004,-1.751,0.68200004,0.19452584,0,nan,0.0,3,1,7
168310133,1562313341000055,488479187,23576946,54475,100656,2.125,0.67033064,7.2190003,9.349,1.62,2.05,85,14,2.354,-1.107,-2.078,0.51500005,5.281901,0,nan,0.0,3,1,7
168505058,1562313341200055,488479162,23576880,54868,101049,2.269,0.47529587,7.2860003,9.417001,1.62,2.05,85,14,2.8620002,-1.9050001,-2.137,0.19900002,4.4182963,0,nan,0.0,3,1,7
168709075,1562313341400055,488479117,23576834,54604,100785,2.506,0.43957388,7.3710003,9.496,1.62,2.05,85,14,3.101,-2.219,-2.1660001,0.365,4.1468644,0,nan,0.0,3,1,7
168910185,1562313341600055,488479094,23576810,54373,100554,2.3200002,0.60829765,7.452,9.573001,1.62,2.05,85,14,2.7250001,-1.322,-2.3830001,0.035,4.167152,0,nan,0.0,3,1,7
169110156,1562313341800055,488479110,23576821,54388,100569,1.567,0.6083753,7.5150003,9.644,1.62,2.05,85,14,1.6370001,-0.014,-1.636,-0.546,4.167152,0,nan,0.0,3,1,7
169313192,1562313342000055,488479127,23576820,54513,100694,1.4330001,0.60843986,7.577,9.717,1.62,2.05,85,13,0.873,0.254,-0.83500004,-0.606,4.167152,0,nan,0.0,3,1,7
169509068,1562313342200055,488479116,23576799,54884,101065,1.9930001,0.60852975,7.643,9.7890005,1.62,2.05,85,13,0.92100006,-0.808,-0.441,-0.66200006,4.167152,0,nan,0.0,3,1,7
169713310,1562313342400055,488479128,23576790,55512,101693,1.7670001,0.6086094,7.7120004,9.864,1.62,2.05,85,13,0.717,-0.717,0.004,-0.674,4.167152,0,nan,0.0,3,1,7
169927213,1562313342600055,488479124,23576827,55427,101608,1.2470001,0.6086656,7.7680006,9.9470005,1.63,2.05,85,13,0.841,-0.42200002,0.72700006,-0.6,4.167152,0,nan,0.0,3,1,7
170112057,1562313342800056,488479105,23576837,55332,101514,1.276,0.608723,7.8150005,10.017,1.63,2.05,85,13,0.63100004,-0.56600004,0.28,-0.409,4.167152,0,nan,0.0,3,1,7
170311360,1562313343000056,488479087,23576837,55356,101538,1.746,0.6088017,7.8760004,10.092,1.63,2.05,85,11,0.71000004,-0.708,-0.05,-0.54800004,4.167152,0,nan,0.0,3,1,7
170508071,1562313343200056,488479063,23576852,54902,101083,2.052,0.60889405,7.931,10.165001,1.63,2.05,85,11,0.59300005,-0.58400005,-0.10700001,-0.208,4.167152,0,nan,0.0,3,1,7
170711130,1562313343400056,488479042,23576852,54653,100834,2.0340002,0.60898566,7.9860005,10.2300005,1.63,2.05,85,11,0.87600005,-0.808,-0.33900002,-0.35900003,4.167152,0,nan,0.0,3,1,7
170907192,1562313343600056,488479022,23576869,54319,100500,1.756,0.6090647,8.056001,10.304001,1.63,2.05,85,11,0.72900003,-0.69100004,-0.23200001,-0.74300003,4.167152,0,nan,0.0,3,1,7
171102199,1562313343800056,488479023,23576891,53906,100088,1.3950001,0.6091275,8.121,10.374001,1.63,2.05,85,11,0.13000001,-0.053000003,-0.119,-0.91200006,4.167152,0,nan,0.0,3,1,7
171314192,1562313344000056,488479013,23576896,53848,100030,1.2900001,0.6091857,8.166,10.450001,1.63,2.05,85,14,0.22000001,-0.1,-0.19600001,-0.94500005,4.167152,0,nan,0.0,3,1,7
171518204,1562313344200056,488479020,23576915,53845,100026,1.761,0.6092649,8.1710005,10.511001,1.63,2.05,85,14,0.657,0.656,0.041,-1.0170001,4.167152,0,nan,0.0,3,1,7
171715179,1562313344400056,488479009,23576891,53892,100073,1.4640001,0.6093307,8.172,10.566001,1.63,2.05,85,14,0.651,0.514,-0.39900002,-0.80200005,4.167152,0,nan,0.0,3,1,7
171930319,1562313344600056,488479010,23576855,53954,100135,1.228,0.6093988,8.189,10.602,1.63,2.05,85,14,1.1420001,0.102000006,-1.138,-0.99000007,4.167152,0,nan,0.0,3,1,7
172114115,1562313344800057,488478994,23576851,53900,100081,1.1090001,0.6094487,8.21,10.648001,1.63,2.05,85,14,0.59000003,-0.59000003,0.0,-0.78800005,4.167152,0,nan,0.0,3,1,7
172317048,1562313345000057,488478999,23576888,53812,99993,1.69,0.6095248,8.243,10.707001,1.63,2.05,85,14,0.455,0.317,0.32700002,-0.98700005,4.167152,0,nan,0.0,3,1,7
172513048,1562313345200057,488479030,23576915,53821,100003,2.19,0.73732704,8.287001,10.776001,1.8199999,2.51,85,14,1.5150001,1.3510001,0.68600005,-0.51600003,5.2171106,0,nan,0.0,3,1,6
172713122,1562313345400057,488479033,23576937,53079,99260,1.9660001,0.7374002,8.334001,10.848001,1.8199999,2.51,85,14,1.5100001,1.5100001,-0.006,-0.024,5.2171106,0,nan,0.0,3,1,6
172909144,1562313345600057,488479019,23576967,52132,98313,1.8100001,0.7374675,8.379001,10.896001,1.8199999,2.51,85,14,0.83300006,0.832,-0.049000002,-0.69100004,5.2171106,0,nan,0.0,3,1,6
173113063,1562313345800057,488479005,23576995,51332,97513,1.605,0.73752725,8.4210005,10.941001,1.8199999,2.51,85,14,0.632,0.61600006,-0.14,-1.0370001,5.2171106,0,nan,0.0,3,1,6
173309058,1562313346000057,488478989,23576970,51239,97420,2.1090002,0.7376056,8.468,10.993001,1.8199999,2.51,85,9,0.924,-0.87600005,-0.293,-0.374,5.2171106,0,nan,0.0,3,1,6
173508061,1562313346200057,488478981,23576954,50915,97096,1.845,0.7376742,8.499001,11.030001,1.8199999,2.51,85,9,1.177,-0.59900004,-1.013,0.021000002,5.2171106,0,nan,0.0,3,1,6
173704127,1562313346400057,488478959,23576931,51011,97193,2.059,0.6305649,8.533,11.080001,1.8199999,2.51,85,9,2.006,-1.978,-0.33800003,0.23400001,4.115572,0,nan,0.0,3,1,6
173908140,1562313346600057,488478934,23576917,50923,97104,2.137,0.60367024,8.570001,11.120001,1.8199999,2.51,85,9,1.9890001,-1.6710001,-1.079,-0.095000006,3.9065514,0,nan,0.0,3,1,6
174108241,1562313346800057,488478939,23576914,51053,97235,2.0540001,0.60376346,8.604,11.154,1.8199999,2.51,85,9,1.074,-0.90700006,-0.57600003,-0.33600003,3.9065514,0,nan,0.0,3,1,6
174310320,1562313347000058,488478950,23576906,51490,97671,1.9720001,0.603853,8.643001,11.199,1.8199999,2.51,85,14,1.261,-1.256,0.112,-0.091000006,3.9065514,0,nan,0.0,3,1,6
174504089,1562313347200058,488478960,23576904,51532,97713,2.095,0.6039481,8.683001,11.242001,1.8199999,2.51,85,14,0.73700005,-0.51100004,-0.531,0.001,3.9065514,0,nan,0.0,3,1,6
174703139,1562313347400058,488478957,23576924,51068,97249,1.764,0.6040282,8.722,11.3,1.8199999,2.5,85,14,0.24300002,-0.091000006,-0.22500001,0.163,3.9065514,0,nan,0.0,3,1,6
174905513,1562313347600058,488478960,23576940,50726,96907,1.2160001,0.60408354,8.757,11.351001,1.8199999,2.5,85,14,0.38000003,0.238,-0.29700002,0.21000001,3.9065514,0,nan,0.0,3,1,6
175101114,1562313347800058,488478977,23576946,50667,96848,1.268,0.604141,8.79,11.397,1.8199999,2.5,85,14,0.41300002,0.303,-0.28,0.15400001,3.9065514,0,nan,0.0,3,1,6
175306347,1562313348000058,488478989,23576952,50826,97007,1.7030001,0.6042183,8.823,11.4470005,1.8199999,2.5,85,14,0.312,-0.29500002,0.101,0.133,3.9065514,0,nan,0.0,3,1,6
175502196,1562313348200058,488479018,23576947,51213,97394,1.332,0.60427886,8.856,11.515,1.8199999,2.5,85,14,0.34500003,0.040000003,-0.34300002,0.011000001,3.9065514,0,nan,0.0,3,1,6
175704977,1562313348400058,488479027,23576935,51306,97487,1.4120001,0.6043429,8.8880005,11.59,1.8199999,2.5,85,14,0.632,0.003,-0.632,0.17,3.9065514,0,nan,0.0,3,1,6
175905090,1562313348600058,488479035,23576926,51730,97911,1.7140001,0.60442054,8.907001,11.644001,1.8199999,2.5,85,14,0.43600002,-0.319,-0.298,-0.142,3.9065514,0,nan,0.0,3,1,6
176109054,1562313348800058,488479056,23576936,51905,98086,1.794,0.6045021,8.915,11.688001,1.8199999,2.5,85,14,0.35700002,0.35300002,0.052,-0.07,3.9065514,0,nan,0.0,3,1,6
176305163,1562313349000058,488479101,23576933,52565,98747,2.046,0.60459477,8.9470005,11.759001,1.8199999,2.5,85,13,0.666,0.65400004,-0.125,-0.411,3.9065514,0,nan,0.0,3,1,6
176508260,1562313349200059,488479114,23576943,52747,98929,1.7220001,0.60467297,8.976001,11.813001,1.8199999,2.5,85,13,0.3,0.209,0.21400002,-0.45100003,3.9065514,0,nan,0.0,3,1,6
176708183,1562313349400059,488479125,23576940,52956,99138,1.325,0.604733,9.005,11.858001,1.81,2.5,85,13,0.328,0.027,-0.32700002,-0.36,3.9065514,0,nan,0.0,3,1,6
176910052,1562313349600059,488479124,23576950,52821,99002,1.2780001,0.6047909,9.014001,11.899,1.81,2.5,85,13,0.29900002,0.136,-0.26700002,-0.37500003,3.9065514,0,nan,0.0,3,1,6
177108056,1562313349800059,488479134,23576976,52901,99082,1.4940001,0.60485864,9.024,11.9470005,1.81,2.5,85,13,0.72400004,-0.030000001,0.72300005,-0.33600003,3.9065514,0,nan,0.0,3,1,6
177309052,1562313350000059,488479112,23576967,52607,98789,1.802,0.60494035,9.037001,11.995001,1.81,2.5,85,13,0.86600006,-0.36400002,-0.786,-0.116000004,3.9065514,0,nan,0.0,3,1,6
177508063,1562313350200059,488479074,23576978,51790,97971,1.8520001,0.6050243,9.038,12.017,1.81,2.5,85,13,0.76000005,-0.51600003,-0.558,0.148,3.9065514,0,nan,0.0,3,1,6
177707496,1562313350400059,488479045,23577002,50967,97148,1.667,0.6050997,9.043,12.049001,1.81,2.5,85,13,0.379,-0.12200001,-0.35900003,0.20300001,3.9065514,0,nan,0.0,3,1,6
177912090,1562313350600059,488479034,23577001,50876,97057,1.9380001,0.6051875,9.05,12.093,1.81,2.5,85,13,0.565,-0.42100003,-0.377,0.323,3.9065514,0,nan,0.0,3,1,6
178112059,1562313350800059,488478978,23577010,50284,96466,1.723,0.6052657,9.033,12.126,1.81,2.5,85,13,0.97,-0.74,-0.62700003,0.027,3.9065514,0,nan,0.0,3,1,6
178311166,1562313351000059,488478904,23577029,49243,95424,1.8190001,0.60534805,9.019,12.167001,1.81,2.5,85,11,0.95600003,-0.859,-0.418,0.193,3.9065514,0,nan,0.0,3,1,6
178514446,1562313351200059,488478842,23577038,48478,94659,1.8590001,0.60543215,9.011001,12.217001,1.81,2.5,85,11,1.013,-0.86300004,-0.532,0.24900001,3.9065514,0,nan,0.0,3,1,6
178714301,1562313351400060,488478772,23577052,47611,93792,2.048,0.605525,9.015,12.282001,1.81,2.5,85,11,1.222,-1.1570001,-0.39400002,0.26000002,3.9065514,0,nan,0.0,3,1,6
178905197,1562313351600060,488478708,23577055,46922,93103,2.124,0.60562116,9.018001,12.339001,1.81,2.5,85,11,1.338,-1.245,-0.492,0.58500004,3.9065514,0,nan,0.0,3,1,6
179110200,1562313351800060,488478664,23577089,46153,92334,1.9480001,0.6057093,9.026,12.382001,1.81,2.5,85,11,1.207,-1.2040001,-0.094000004,0.21300001,3.9065514,0,nan,0.0,3,1,6
179315316,1562313352000060,488478633,23577099,45879,92060,1.876,0.6057943,9.026,12.413001,1.81,2.5,85,12,1.1520001,-1.11,-0.31,0.05,3.9065514,0,nan,0.0,3,1,6
179513147,1562313352200060,488478602,23577102,45578,91759,1.9010001,0.6058804,9.021001,12.432,1.81,2.5,85,12,1.143,-1.0150001,-0.526,0.127,3.9065514,0,nan,0.0,3,1,6
179708152,1562313352400060,488478626,23577100,45728,91910,1.2670001,0.6059378,9.021001,12.464001,1.81,2.5,85,12,0.50200003,0.37800002,-0.32900003,0.67800003,3.9065514,0,nan,0.0,3,1,6
179914158,1562313352600060,488478699,23577116,46090,92271,1.5740001,0.5416702,9.01,12.459001,1.81,2.5,85,12,2.246,2.209,0.404,1.026,5.3284063,0,nan,0.0,3,1,6
180113226,1562313352800060,488478729,23577175,45712,91893,2.019,0.4888845,9.004001,12.453001,1.81,2.5,85,12,2.3130002,2.1330001,0.896,-0.096,6.0737767,0,nan,0.0,3,1,6
180313071,1562313353000060,488478729,23577217,45138,91319,2.157,0.48900545,9.012,12.468,1.81,2.5,85,13,1.616,1.414,0.78300005,-0.19500001,6.0737767,0,nan,0.0,3,1,6
180515192,1562313353200060,488478720,23577222,44974,91155,1.9430001,0.48911434,9.023001,12.488001,1.81,2.5,85,13,0.48700002,0.48000002,-0.083000004,-0.33800003,6.0737767,0,nan,0.0,3,1,6
180716063,1562313353400060,488478713,23577209,44411,90592,1.3950001,0.48919255,9.035001,12.514001,1.81,2.5,85,13,0.95900005,0.49800003,-0.81900007,0.264,6.0737767,0,nan,0.0,3,1,6
180915472,1562313353600061,488478704,23577218,43434,89615,1.2770001,0.4892641,8.977,12.389001,1.81,2.5,85,13,0.95100003,0.88600004,-0.344,0.73600006,6.0737767,0,nan,0.0,3,1,6
181111175,1562313353800061,488478650,23577191,42610,88791,1.8110001,0.4893657,8.924001,12.275001,1.81,2.5,85,13,1.401,-0.98700005,-0.99500006,0.63900006,6.0737767,0,nan,0.0,3,1,6
181315569,1562313354000061,488478608,23577182,41167,87348,1.756,0.48946396,8.912001,12.240001,1.81,2.5,85,11,1.3770001,-0.53400004,-1.269,0.57000005,6.0737767,0,nan,0.0,3,1,6
181511149,1562313354200061,488478568,23577141,40245,86426,1.7950001,0.59839255,8.875,12.190001,1.81,2.5,85,11,1.9290001,-0.994,-1.6530001,0.46400002,5.310742,0,nan,0.0,3,1,6
181718155,1562313354400061,488478543,23577127,38961,85142,1.6570001,0.5984683,8.837001,12.107,1.81,2.5,85,11,1.2370001,-0.59900004,-1.082,0.82400006,5.310742,0,nan,0.0,3,1,6
181914437,1562313354600061,488478509,23577086,36538,82719,1.756,0.40058655,8.798,11.972,1.81,2.5,85,11,1.8490001,-1.2830001,-1.332,0.749,4.3680506,0,nan,0.0,3,1,6
182115264,1562313354800061,488478498,23577039,33838,80020,1.6320001,0.44590682,8.742001,11.786,1.81,2.5,85,11,1.7340001,-1.125,-1.32,0.88500005,4.2064776,0,nan,0.0,3,1,6
182319142,1562313355000061,488478473,23577048,32306,78487,1.4660001,0.44599688,8.6970005,11.679001,1.81,2.5,85,14,0.66300005,-0.573,-0.33400002,0.688,4.2064776,0,nan,0.0,3,1,6
182514622,1562313355200061,488478479,23577053,31572,77753,1.5830001,0.48143455,8.570001,11.371,1.25,1.42,85,14,1.5100001,-1.391,-0.587,0.892,3.8989704,0,nan,0.0,3,1,7
182738173,1562313355400061,488478547,23577053,32953,79134,1.876,0.45264098,8.456,11.074,1.23,1.3299999,85,14,1.7810001,-1.5500001,-0.87700003,0.19800001,3.7701826,0,nan,0.0,3,1,8
182918318,1562313355600062,488478655,23577067,34491,80672,1.388,0.45272493,8.367001,10.81,1.23,1.3299999,85,14,0.577,-0.35300002,-0.45600003,0.48800004,3.7701826,0,nan,0.0,3,1,8
183116221,1562313355800062,488478715,23577062,35274,81455,1.25,0.4528007,8.354,10.700001,1.23,1.3299999,85,14,0.514,-0.127,-0.49800003,0.286,3.7701826,0,nan,0.0,3,1,8
183318327,1562313356000062,488478757,23577049,35830,82012,1.7030001,0.45290384,8.360001,10.6380005,1.23,1.3299999,85,19,0.697,-0.45000002,-0.532,0.30200002,3.7701826,0,nan,0.0,3,1,8
183521061,1562313356200062,488478832,23577020,37025,83206,1.9340001,0.45302096,8.354,10.5460005,1.23,1.3299999,85,19,0.65400004,-0.41700003,-0.504,0.157,3.7701826,0,nan,0.0,3,1,8
183720205,1562313356400062,488478867,23577018,36866,83047,1.9020001,0.45313615,8.352,10.439,1.23,1.3299999,85,19,0.261,-0.147,-0.216,-0.18800001,3.7701826,0,nan,0.0,3,1,8
183920719,1562313356600062,488478924,23577020,37482,83664,1.1060001,0.453203,8.347,10.343,1.23,1.3299999,85,19,0.263,0.22500001,-0.135,-0.34500003,3.7701826,0,nan,0.0,3,1,8
184105055,1562313356800062,488478979,23577036,37856,84037,2.108,0.4533304,8.357,10.31,1.99,2.21,85,19,0.71900004,0.642,0.324,0.328,3.7701826,0,nan,0.0,3,1,6
184312143,1562313357000062,488479015,23577048,37986,84168,2.0600002,0.453455,8.352,10.27,1.99,2.21,85,12,1.0430001,0.80600005,0.66200006,0.001,3.7701826,0,nan,0.0,3,1,6
184515245,1562313357200062,488479058,23577040,38545,84726,1.7760001,0.45356235,8.292001,10.224001,1.99,2.21,85,12,0.882,0.675,0.56700003,0.051000003,3.7701826,0,nan,0.0,3,1,6
184729108,1562313357400062,488479145,23577015,39570,85751,1.3110001,0.4536416,8.264,10.18,1.99,2.21,85,12,1.253,1.2340001,-0.21800001,-0.102000006,3.7701826,0,nan,0.0,3,1,6
184911176,1562313357600062,488479217,23576990,40318,86500,1.32,0.45372134,8.237,10.150001,1.99,2.21,85,12,0.85400003,0.85200006,-0.045,-0.001,3.7701826,0,nan,0.0,3,1,6
185111289,1562313357800063,488479270,23577007,39994,86175,1.8490001,0.4209184,8.232,10.110001,1.99,2.21,85,12,1.6100001,1.315,0.929,-0.065000005,5.4518065,0,nan,0.0,3,1,6
185320052,1562313358000063,488479327,23577047,40203,86385,1.7880001,0.37565976,8.216001,10.064,1.99,2.21,85,15,2.42,2.1790001,1.052,-0.013,6.1651196,0,nan,0.0,3,1,6
185522573,1562313358200063,488479364,23577055,40819,87000,1.664,0.37578124,8.224,10.042001,1.99,2.21,85,15,1.207,0.425,1.13,-0.31100002,6.1651196,0,nan,0.0,3,1,6
185715125,1562313358400063,488479361,23577083,40744,86925,1.7910001,0.37591177,8.243,10.041,1.99,2.21,85,15,0.62200004,0.15,0.60400003,0.287,6.1651196,0,nan,0.0,3,1,6
185911186,1562313358600063,488479364,23577079,41124,87305,2.1290002,0.37606713,8.281,10.0390005,1.99,2.21,85,15,0.33800003,-0.33800003,0.015000001,-0.058000002,6.1651196,0,nan,0.0,3,1,6
186110219,1562313358800063,488479357,23577092,41056,87238,1.5120001,0.37617743,8.301001,10.033001,1.99,2.21,85,15,0.859,-0.83000004,0.223,0.772,6.1651196,0,nan,0.0,3,1,6
186310178,1562313359000063,488479385,23577107,41332,87513,1.3700001,0.37627727,8.336,10.042001,1.99,2.21,85,13,0.23700002,0.067,0.22700001,0.75100005,6.1651196,0,nan,0.0,3,1,6
186511183,1562313359200063,488479413,23577123,41482,87663,2.1030002,0.37643048,8.38,10.059,1.99,2.21,85,13,1.0220001,1.021,0.056,0.30100003,6.1651196,0,nan,0.0,3,1,6
186722162,1562313359400063,488479457,23577121,42036,88217,2.2480001,0.37659422,8.432,10.079,1.99,2.21,85,13,1.088,1.085,0.074,-0.08400001,6.1651196,0,nan,0.0,3,1,6
186909121,1562313359600063,488479495,23577081,42961,89142,1.269,0.37668654,8.475,10.093,1.99,2.21,85,13,0.40800002,0.27,-0.30600002,-0.15900001,6.1651196,0,nan,0.0,3,1,6
187109741,1562313359800063,488479491,23577039,43324,89505,1.7290001,0.37681237,8.498,10.095,1.99,2.21,85,13,1.256,-0.23300001,-1.2340001,-0.177,6.1651196,0,nan,0.0,3,1,6
187316153,1562313360000064,488479535,23577033,43765,89946,1.4380001,0.376937,8.501,10.113001,1.99,2.21,85,12,1.5510001,1.074,-1.118,-0.72300005,6.1651196,0,nan,0.0,3,1,6
187517057,1562313360200064,488479551,23577026,44165,90346,1.3330001,0.3770356,8.450001,10.116,1.99,2.21,85,12,0.91,0.72700006,-0.54700005,-1.006,6.1651196,0,nan,0.0,3,1,6
187712232,1562313360400064,488479564,23577046,44118,90299,1.3060001,0.37713403,8.419001,10.085,1.63,2.04,85,12,1.1040001,0.9480001,-0.565,-0.785,6.1651196,0,nan,0.0,3,1,7
187911505,1562313360600064,488479574,23577107,44031,90212,1.6040001,0.37726617,8.338,10.042001,1.63,2.04,85,12,1.169,1.1170001,0.34800002,-1.3900001,6.1651196,0,nan,0.0,3,1,7
188115129,1562313360800064,488479589,23577105,44606,90787,1.3560001,0.37737995,8.2960005,10.034,1.63,2.04,85,12,0.86100006,0.794,-0.33200002,-1.3100001,6.1651196,0,nan,0.0,3,1,7
188315351,1562313361000064,488479593,23577097,45510,91692,1.358,0.37750125,8.245001,10.018001,1.63,2.04,85,12,0.638,0.601,-0.21300001,-1.542,6.1651196,0,nan,0.0,3,1,7
188512149,1562313361200064,488479598,23577102,46390,92571,1.5840001,0.3776414,8.202001,10.004001,1.63,2.04,85,12,0.82400006,0.777,0.273,-1.746,6.1651196,0,nan,0.0,3,1,7
188731241,1562313361400064,488479620,23577106,47159,93341,1.5910001,0.37777945,8.198,9.999001,1.63,2.04,85,12,0.90900004,0.882,0.223,-1.6700001,6.1651196,0,nan,0.0,3,1,7
188916058,1562313361600064,488479629,23577104,47620,93801,1.345,0.37791577,8.189,10.014001,1.63,2.04,85,12,0.763,0.72300005,-0.24300002,-1.7160001,6.1651196,0,nan,0.0,3,1,7
189116058,1562313361800064,488479618,23577085,48018,94199,1.1580001,0.37803987,8.172,10.001,1.63,2.04,85,12,0.78900003,0.36400002,-0.70000005,-1.516,6.1651196,0,nan,0.0,3,1,7
189312095,1562313362000064,488479617,23577082,48186,94368,1.1780001,0.37815174,8.187,10.001,1.63,2.04,85,13,0.85800004,0.33800003,-0.78900003,-1.2820001,6.1651196,0,nan,0.0,3,1,7
189514479,1562313362200065,488479620,23577072,48631,94812,1.189,0.3782706,8.221001,9.995001,1.63,2.04,85,13,1.0760001,0.291,-1.036,-1.2360001,6.1651196,0,nan,0.0,3,1,7
189715116,1562313362400065,488479616,23577066,48734,94916,1.195,0.37838212,8.258,10.0,1.63,2.04,85,13,1.013,0.231,-0.98600006,-1.1600001,6.1651196,0,nan,0.0,3,1,7
189914204,1562313362600065,488479616,23577063,48877,95059,1.1110001,0.37849137,8.2890005,10.005,1.63,2.04,85,13,1.0320001,0.499,-0.90400004,-1.0990001,6.1651196,0,nan,0.0,3,1,7
190113895,1562313362800065,488479611,23577107,48624,94805,1.5320001,0.3786024,8.291,9.973001,1.63,2.04,85,13,0.76600003,0.76500005,-0.035,-1.245,6.1651196,0,nan,0.0,3,1,7
190314377,1562313363000065,488479593,23577145,48523,94705,1.557,0.37871513,8.275001,9.92,1.63,2.04,85,11,0.711,0.70600003,0.083000004,-1.2210001,6.1651196,0,nan,0.0,3,1,7
190517180,1562313363200065,488479560,23577168,48788,94969,1.139,0.3787975,8.243,9.807,1.63,2.04,85,11,0.52400005,0.41300002,-0.324,-0.666,6.1651196,0,nan,0.0,3,1,7
190733083,1562313363400065,488479537,23577199,48369,94550,1.2360001,0.37888706,8.218,9.755,1.63,2.04,85,11,0.45200002,0.41200003,-0.187,-0.60200006,6.1651196,0,nan,0.0,3,1,7
190921037,1562313363600065,488479519,23577229,48187,94368,1.3230001,0.3789827,8.205,9.728001,1.63,2.04,85,11,0.30100003,0.296,-0.054,-0.614,6.1651196,0,nan,0.0,3,1,7
191116403,1562313363800065,488479536,23577295,48083,94264,2.0210001,0.47966132,8.201,9.649,1.63,2.04,85,11,2.052,1.9690001,0.577,-0.060000002,0.03694321,0,nan,0.0,3,1,7
191320420,1562313364000065,488479566,23577348,47992,94173,2.3000002,0.4429972,8.219001,9.599001,1.63,2.04,85,11,2.1330001,1.988,0.77300006,-0.141,0.21727253,0,nan,0.0,3,1,7
191517096,1562313364200065,488479633,23577380,48401,94582,2.447,0.45560527,8.26,9.6,1.63,2.04,85,11,2.5770001,2.426,0.87000006,0.041,0.27894986,0,nan,0.0,3,1,7
191723473,1562313364400066,488479699,23577401,49113,95295,2.456,0.47593835,8.312,9.594001,1.63,2.04,85,11,2.3850002,2.2580001,0.768,0.24200001,0.30239922,0,nan,0.0,3,1,7
191911249,1562313364600066,488479745,23577421,49607,95788,2.3660002,0.56740826,8.3550005,9.591001,1.63,2.04,85,11,1.9710001,1.876,0.605,-0.023000002,0.3062866,0,nan,0.0,3,1,7
192116230,1562313364800066,488479782,23577431,49988,96169,2.219,0.56751543,8.400001,9.613001,1.63,2.04,85,11,1.6190001,1.6020001,0.23600002,-0.21100001,0.3062866,0,nan,0.0,3,1,7
192316190,1562313365000066,488479833,23577431,50921,97102,2.0040002,0.5676123,8.445001,9.632001,1.63,2.04,85,12,1.4740001,1.4720001,0.071,-0.65000004,0.3062866,0,nan,0.0,3,1,7
192520096,1562313365200066,488479867,23577454,51404,97585,2.16,0.56771666,8.494,9.660001,1.63,2.04,85,12,1.3700001,1.253,0.55300003,-0.96500003,0.3062866,0,nan,0.0,3,1,7
192731204,1562313365400066,488479897,23577477,51912,98094,2.0630002,0.56781614,8.548,9.700001,1.63,2.04,85,12,1.317,1.1930001,0.558,-1.2870001,0.3062866,0,nan,0.0,3,1,7
192915296,1562313365600066,488479920,23577482,52435,98617,1.991,0.5679123,8.610001,9.746,1.63,2.04,85,12,0.77900004,0.683,0.37500003,-1.1040001,0.3062866,0,nan,0.0,3,1,7
193118388,1562313365800066,488479932,23577486,52751,98932,1.6730001,0.5679931,8.672001,9.785001,1.63,2.04,85,12,0.53800005,0.537,-0.033,-0.9850001,0.3062866,0,nan,0.0,3,1,7
193317184,1562313366000066,488479939,23577495,53284,99465,1.411,0.5680612,8.740001,9.825001,1.63,2.04,85,13,0.123,0.119,-0.030000001,-1.401,0.3062866,0,nan,0.0,3,1,7
193513770,1562313366200066,488479952,23577521,53755,99936,1.491,0.56814057,8.805,9.873,1.63,2.04,85,13,0.347,0.186,0.293,-1.608,0.3062866,0,nan,0.0,3,1,7
193719294,1562313366400066,488479975,23577543,53961,100142,1.922,0.56823343,8.8880005,9.929001,1.63,2.04,85,13,0.749,0.446,0.601,-0.94900006,0.3062866,0,nan,0.0,3,1,7
193915983,1562313366600067,488480014,23577609,54098,100279,2.466,0.5683523,8.987,9.986,1.63,2.04,85,13,1.7870001,0.818,1.588,-0.55300003,0.3062866,0,nan,0.0,3,1,7
194117134,1562313366800067,488480077,23577670,54172,100353,2.9510002,0.73291796,9.098001,10.048,1.63,2.04,85,13,2.4720001,2.147,1.225,-0.46800002,0.3859373,0,nan,0.0,3,1,7
194321060,1562313367000067,488480101,23577684,54609,100791,2.9800003,0.7330295,9.244,10.112,1.63,2.04,85,11,1.7390001,1.544,0.8,-0.69600004,0.3859373,0,nan,0.0,3,1,7
194510202,1562313367200067,488480123,23577676,54919,101100,2.417,0.7331197,9.351001,10.168,1.63,2.04,85,11,1.5250001,1.5200001,-0.12200001,-0.85,0.3859373,0,nan,0.0,3,1,7
194716090,1562313367400067,488480133,23577670,55499,101680,1.8500001,0.73318905,9.454,10.223001,1.63,2.04,85,11,0.629,0.619,0.109000005,-0.96700007,0.3859373,0,nan,0.0,3,1,7
194917077,1562313367600067,488480113,23577668,55724,101905,1.4410001,0.7332428,9.511001,10.271001,1.63,2.04,85,11,0.109000005,-0.022000002,-0.10700001,-0.95000005,0.3859373,0,nan,0.0,3,1,7
195112729,1562313367800067,488480153,23577686,56095,102276,1.769,0.7333089,9.589001,10.315001,1.63,2.04,85,11,0.651,0.648,-0.062000003,-0.84700006,0.3859373,0,nan,0.0,3,1,7
195312162,1562313368000067,488480211,23577702,56637,102818,1.8880001,0.7333796,9.6050005,10.359,1.63,2.04,85,11,1.166,1.1520001,-0.18100001,-0.92,0.3859373,0,nan,0.0,3,1,7
195513056,1562313368200067,488480219,23577701,57162,103343,1.401,0.733432,9.628,10.401,1.63,2.04,85,11,0.31100002,0.25300002,-0.18,-1.1350001,0.3859373,0,nan,0.0,3,1,7
195711212,1562313368400067,488480247,23577703,57509,103690,1.3620001,0.7334828,9.650001,10.449,1.63,2.04,85,11,0.874,0.52000004,-0.703,-1.0120001,0.3859373,0,nan,0.0,3,1,7
195913127,1562313368600067,488480272,23577703,57865,104046,1.338,0.73353285,9.6640005,10.494,1.63,2.04,85,11,0.554,0.268,-0.48400003,-0.671,0.3859373,0,nan,0.0,3,1,7
196115445,1562313368800068,488480294,23577706,58392,104574,1.3610001,0.7335836,9.678,10.533001,1.63,2.04,85,11,0.245,-0.009000001,-0.24400002,-0.70400006,0.3859373,0,nan,0.0,3,1,7
196311303,1562313369000068,488480309,23577725,58353,104535,1.534,0.7336409,9.696,10.565001,1.63,2.04,85,10,0.75200003,0.69200003,-0.294,-0.24800001,0.3859373,0,nan,0.0,3,1,7
196515166,1562313369200068,488480344,23577773,58435,104616,2.153,0.739578,9.717,10.604,1.63,2.04,85,10,1.7270001,1.69,0.35500002,-0.47200003,0.29730043,0,nan,0.0,3,1,7
196715130,1562313369400068,488480368,23577816,58578,104760,2.2240002,0.50243384,9.717,10.6380005,1.63,2.04,85,10,2.107,1.9410001,0.81900007,-0.505,0.36701217,0,nan,0.0,3,1,7
196914143,1562313369600068,488480356,23577808,58552,104733,1.5480001,0.50254464,9.6970005,10.677,1.63,2.04,85,10,1.8820001,1.7010001,-0.80500007,-0.763,0.36701217,0,nan,0.0,3,1,7
197110156,1562313369800068,488480326,23577807,57985,104166,1.3770001,0.5026345,9.674001,10.716001,1.63,2.04,85,10,1.5090001,1.2110001,-0.90000004,-0.666,0.36701217,0,nan,0.0,3,1,7
197317139,1562313370000068,488480321,23577820,57893,104074,1.8420001,0.5027351,9.684,10.7560005,1.63,2.04,85,10,0.257,0.15900001,0.202,-0.27600002,0.36701217,0,nan,0.0,3,1,7
197513892,1562313370200068,488480350,23577854,58064,104245,2.1290002,0.5028511,9.691,10.788,1.63,2.04,85,10,1.0530001,0.90800005,0.535,-0.273,0.36701217,0,nan,0.0,3,1,7
197717143,1562313370400068,488480379,23577881,58212,104394,2.1330001,0.50296754,9.696,10.820001,1.63,2.04,85,10,1.2620001,1.1400001,0.541,-0.23900001,0.36701217,0,nan,0.0,3,1,7
197913151,1562313370600068,488480384,23577881,58330,104512,1.8970001,0.5030709,9.6970005,10.853001,1.63,2.04,85,10,0.37300003,0.36200002,-0.09200001,0.019000001,0.36701217,0,nan,0.0,3,1,7
198117050,1562313370800069,488480372,23577889,58833,105014,1.2880001,0.50314105,9.657001,10.875001,1.63,2.04,85,10,1.115,-0.845,0.72700006,-0.16700001,0.36701217,0,nan,0.0,3,1,7
198316211,1562313371000069,488480371,23577847,59700,105881,1.7,0.50323355,9.588,10.870001,1.63,2.04,85,10,0.95800006,-0.957,-0.056,0.14500001,0.36701217,0,nan,0.0,3,1,7
198518115,1562313371200069,488480375,23577813,60411,106593,1.6170001,0.5033217,9.5130005,10.85,1.63,2.04,85,10,0.671,-0.518,-0.42700002,0.081,0.36701217,0,nan,0.0,3,1,7
198717079,1562313371400069,488480309,23577800,60282,106463,1.4430001,0.5034004,9.363001,10.797001,1.63,2.04,85,10,0.611,-0.56200004,-0.23900001,0.19100001,0.36701217,0,nan,0.0,3,1,7
198912194,1562313371600069,488480283,23577828,59854,106035,1.19,0.5034652,9.284,10.752001,1.63,2.04,85,10,0.40600002,-0.286,0.28800002,0.24200001,0.36701217,0,nan,0.0,3,1,7
199112206,1562313371800069,488480273,23577865,59398,105579,1.0910001,0.50352466,9.251,10.712001,1.63,2.04,85,10,0.63100004,-0.41300002,0.47800002,0.24000001,0.36701217,0,nan,0.0,3,1,7
199316062,1562313372000069,488480286,23577890,59550,105731,1.284,0.50359446,9.229,10.701,1.63,2.04,85,9,0.51100004,-0.386,0.33400002,0.41300002,0.36701217,0,nan,0.0,3,1,7
199519437,1562313372200069,488480292,23577933,59265,105447,1.2980001,0.50366515,9.200001,10.666,1.63,2.04,85,9,0.81700003,0.09200001,0.81200004,0.53800005,0.36701217,0,nan,0.0,3,1,7
199711131,1562313372400069,488480324,23577963,59552,105734,1.337,0.5037381,9.174001,10.628,1.63,2.04,85,9,0.81500006,0.096,0.81000006,0.21100001,0.36701217,0,nan,0.0,3,1,7
199916127,1562313372600069,488480414,23577969,60723,106905,1.019,0.5037934,9.079,10.457001,1.23,1.3299999,85,9,0.034,0.017,-0.030000001,0.17300001,0.36701217,0,nan,0.0,3,1,8
200117555,1562313372800069,488480522,23577967,62313,108494,1.248,0.5038615,8.978001,10.286,1.23,1.3299999,85,9,0.521,-0.49600002,0.16000001,0.259,0.36701217,0,nan,0.0,3,1,8
200336122,1562313373000070,488480542,23577961,62508,108689,1.32,0.50393325,8.875,10.144,1.23,1.3299999,85,9,0.69200003,-0.69100004,0.038000003,0.046000004,0.36701217,0,nan,0.0,3,1,8
200516276,1562313373200070,488480570,23577950,62791,108972,1.222,0.50399977,8.778001,10.016001,1.23,1.3299999,85,9,0.78800005,-0.77900004,0.12100001,-0.022000002,0.36701217,0,nan,0.0,3,1,8
200717090,1562313373400070,488480587,23577951,61946,108127,0.72,0.5040388,8.696,9.899,1.23,1.3299999,85,9,0.565,-0.384,0.41500002,0.056,0.36701217,0,nan,0.0,3,1,8
200915228,1562313373600070,488480616,23577928,61600,107781,0.88600004,0.50408703,8.604,9.776,1.23,1.3299999,85,9,0.558,-0.47100002,0.29900002,0.127,0.36701217,0,nan,0.0,3,1,8
201114208,1562313373800070,488480630,23577916,61051,107232,0.758,0.5041284,8.515,9.658,1.23,1.3299999,85,9,0.58400005,-0.37,0.45200002,0.16900001,0.36701217,0,nan,0.0,3,1,8
201317109,1562313374000070,488480640,23577924,60775,106956,0.91700006,0.5041783,8.409,9.502001,1.23,1.3299999,85,10,0.71900004,-0.34800002,0.63000005,0.395,0.36701217,0,nan,0.0,3,1,8
201522059,1562313374200070,488480627,23577926,59882,106063,0.943,0.50423414,8.316,9.306001,1.23,1.3299999,85,10,0.89500004,-0.67,0.59300005,0.507,0.36701217,0,nan,0.0,3,1,8
201725648,1562313374400070,488480613,23577926,59184,105366,1.0830001,0.5043015,8.244,9.132,1.23,1.3299999,85,10,1.207,-0.9850001,0.698,0.27800003,0.36701217,0,nan,0.0,3,1,8
201925510,1562313374600070,488480637,23577939,59130,105311,0.91200006,0.50436556,8.200001,9.011001,1.23,1.3299999,85,10,1.0500001,-0.71000004,0.77400005,0.53400004,0.36701217,0,nan,0.0,3,1,8
202119653,1562313374800070,488480655,23577991,58931,105112,0.934,0.50444937,8.1640005,8.904,1.23,1.3299999,85,10,1.268,-0.499,1.166,0.87200004,0.36701217,0,nan,0.0,3,1,8
202332100,1562313375000070,488480678,23577974,59855,106036,1.488,0.5045319,8.147,8.837001,1.23,1.3299999,85,9,1.4640001,-1.345,0.577,0.41500002,0.36701217,0,nan,0.0,3,1,8
202524180,1562313375200071,488480705,23577998,60405,106586,0.878,0.5046221,8.132,8.786,1.23,1.3299999,85,9,1.6140001,-0.70900005,1.45,-0.38300002,0.36701217,0,nan,0.0,3,1,8
202720532,1562313375400071,488480744,23578026,60736,106917,1.8960001,0.5047251,8.120001,8.751,1.23,1.3299999,85,9,1.029,0.822,0.62,-0.68100005,0.36701217,0,nan,0.0,3,1,8
202924091,1562313375600071,488480745,23578086,60364,106545,1.8440001,0.5048253,8.09,8.682,1.23,1.3299999,85,9,0.68700004,0.537,0.42800003,-0.476,0.36701217,0,nan,0.0,3,1,8
203120114,1562313375800071,488480790,23578106,60666,106847,2.0640001,0.50493735,8.066,8.627001,1.23,1.3299999,85,9,0.76500005,0.71800005,0.26500002,-0.128,0.36701217,0,nan,0.0,3,1,8
203319126,1562313376000071,488480834,23578115,61047,107229,2.0530002,0.5050489,8.0390005,8.575001,1.23,1.3299999,85,10,0.65900004,0.609,0.252,0.082,0.36701217,0,nan,0.0,3,1,8
203516204,1562313376200071,488480834,23578145,60377,106558,1.4180001,0.5051258,7.9960003,8.465,1.23,1.3299999,85,10,0.455,0.40100002,-0.215,0.23900001,0.36701217,0,nan,0.0,3,1,8
203712167,1562313376400071,488480861,23578137,60362,106544,1.2420001,0.5051932,8.005,8.448,1.63,2.04,85,10,1.044,0.75200003,-0.725,0.061000004,0.36701217,0,nan,0.0,3,1,7
203916099,1562313376600071,488480861,23578132,60003,106185,0.92800003,0.5052463,7.9940004,8.4140005,1.63,2.04,85,10,0.93600005,0.26500002,-0.897,0.28300002,0.36701217,0,nan,0.0,3,1,7
204115225,1562313376800071,488480882,23578134,59580,105761,1.2950001,0.5053166,7.9870005,8.392,1.63,2.04,85,10,0.94600004,0.80600005,-0.49600002,0.39400002,0.36701217,0,nan,0.0,3,1,7
204335121,1562313377000071,488480942,23578124,59796,105977,1.4050001,0.50539285,7.9430003,8.326,1.23,1.3299999,85,8,1.3050001,1.2290001,-0.43800002,0.33200002,0.36701217,0,nan,0.0,3,1,8
204522178,1562313377200071,488480977,23578095,60117,106298,0.957,0.50545114,7.905,8.272,1.23,1.3299999,85,8,1.075,0.80700004,-0.71000004,-0.002,0.36701217,0,nan,0.0,3,1,8
204715148,1562313377400072,488481017,23578060,60379,106560,0.91300005,0.50552934,7.8670006,8.225,1.23,1.3299999,85,8,1.376,0.666,-1.2040001,0.43300003,0.36701217,0,nan,0.0,3,1,8
204909145,1562313377600072,488481052,23578076,60223,106405,1.427,0.50560683,7.807,8.147,1.23,1.3299999,85,8,0.785,0.77900004,-0.098000005,0.038000003,0.36701217,0,nan,0.0,3,1,8
205113078,1562313377800072,488481085,23578072,60407,106588,0.85700005,0.50565326,7.7490005,8.071,1.23,1.3299999,85,8,0.71400005,0.289,-0.65300006,-0.18,0.36701217,0,nan,0.0,3,1,8
205317155,1562313378000072,488481150,23578084,59780,105961,1.0580001,0.5057292,7.6980004,7.9790006,1.23,1.3299999,86,7,1.3790001,1.2870001,-0.49400002,-0.245,0.36701217,0,nan,0.0,3,1,8
205513095,1562313378200072,488481245,23578074,58197,104378,1.1500001,0.45554835,7.6400003,7.8620005,1.23,1.3299999,86,7,2.2220001,2.2050002,-0.273,0.074,0.09642315,0,nan,0.0,3,1,8
205717171,1562313378400072,488481189,23578039,58007,104188,1.345,0.45587927,7.485,7.8190002,1.23,1.3299999,86,7,1.8880001,1.825,0.48600003,0.123,0.17834297,0,nan,0.0,3,1,8
205913227,1562313378600072,488481203,23578041,57939,104121,1.212,0.40915403,7.4020004,7.7880006,1.23,1.3299999,86,7,2.3160002,2.283,0.393,0.28800002,0.17395923,0,nan,0.0,3,1,8
206117052,1562313378800072,488481268,23578049,58277,104458,1.4540001,0.42879647,7.3610005,7.7530003,1.23,1.3299999,86,7,2.1360002,2.049,0.60400003,0.33600003,0.2277152,0,nan,0.0,3,1,8
206337086,1562313379000072,488481331,23578055,58280,104461,1.2820001,0.45201722,7.3240004,7.7200003,1.23,1.3299999,85,11,2.788,2.7710001,-0.31,0.437,0.06697544,0,nan,0.0,3,1,8
206516052,1562313379200072,488481388,23578026,58432,104613,1.2390001,0.6776073,7.2840004,7.6720004,1.23,1.3299999,85,11,1.7030001,1.6930001,-0.186,0.22200002,0.012651018,0,nan,0.0,3,1,8
206715196,1562313379400072,488481444,23578018,59236,105417,1.4510001,0.7192156,7.241,7.6260004,1.23,1.3299999,85,11,1.264,0.754,1.014,0.061000004,0.44478038,0,nan,0.0,3,1,8
206916109,1562313379600073,488481454,23578004,60078,106259,1.297,0.719265,7.168,7.6000004,1.23,1.3299999,85,11,0.97300005,0.264,0.93600005,0.18400002,0.44478038,0,nan,0.0,3,1,8
207115268,1562313379800073,488481464,23577984,60785,106966,0.99500006,0.719303,7.1130004,7.5740004,1.23,1.3299999,85,11,0.268,0.13900001,0.22900002,0.32200003,0.44478038,0,nan,0.0,3,1,8
207316124,1562313380000073,488481489,23577983,61099,107280,1.1880001,0.71934825,7.0870004,7.5520005,1.23,1.3299999,85,14,0.455,0.45400003,0.036000002,0.39900002,0.44478038,0,nan,0.0,3,1,8
207513588,1562313380200073,488481505,23577965,61313,107494,1.3540001,0.71939987,7.0690002,7.5410004,1.23,1.3299999,85,14,0.8,0.30800003,-0.73800004,0.402,0.44478038,0,nan,0.0,3,1,8
207716130,1562313380400073,488481523,23577941,61340,107522,1.4610001,0.7194604,7.0740004,7.564,1.63,2.04,85,14,1.5070001,1.0,-1.128,0.507,0.44478038,0,nan,0.0,3,1,7
207914351,1562313380600073,488481538,23577932,61596,107777,1.455,0.719516,7.0850005,7.5880003,1.63,2.04,85,14,0.597,0.513,-0.305,0.083000004,0.44478038,0,nan,0.0,3,1,7
208113655,1562313380800073,488481546,23577919,61789,107970,1.4020001,0.7195694,7.103,7.6170006,1.63,2.04,85,14,0.52000004,0.319,-0.41000003,0.21700001,0.44478038,0,nan,0.0,3,1,7
208335241,1562313381000073,488481547,23577906,61980,108161,1.59,0.7196301,7.122,7.6460004,1.63,2.04,85,12,0.50600004,0.008,-0.50600004,0.202,0.44478038,0,nan,0.0,3,1,7
208514215,1562313381200073,488481553,23577907,62150,108331,1.302,0.71967965,7.1450005,7.6780005,1.63,2.04,85,12,0.256,0.18100001,-0.18100001,0.158,0.44478038,0,nan,0.0,3,1,7
208717049,1562313381400073,488481563,23577946,62106,108287,2.1190002,0.7197605,7.1740003,7.702,1.63,2.04,85,12,0.83000004,0.703,0.44200003,0.127,0.44478038,0,nan,0.0,3,1,7
208913400,1562313381600074,488481583,23577959,62089,108270,1.8950001,0.71983254,7.222,7.7310004,1.63,2.04,85,12,0.71900004,0.71900004,-0.0050000004,0.625,0.44478038,0,nan,0.0,3,1,7
209117054,1562313381800074,488481591,23577987,61796,107977,1.695,0.71989715,7.274,7.7520003,1.63,2.04,85,12,0.58400005,0.583,-0.039,0.827,0.44478038,0,nan,0.0,3,1,7
209315198,1562313382000074,488481594,23578050,61438,107619,2.042,0.719975,7.3110003,7.767,1.63,2.04,85,12,0.99500006,0.707,0.70100003,0.595,0.44478038,0,nan,0.0,3,1,7
209515185,1562313382200074,488481620,23578112,61260,107441,2.2410002,0.60079813,7.353,7.794,1.63,2.04,85,12,1.7500001,1.4440001,0.98700005,0.485,0.53609794,0,nan,0.0,3,1,7
209720215,1562313382400074,488481656,23578214,60946,107127,2.1160002,0.37713963,7.3840003,7.8160005,1.63,2.04,85,12,2.937,2.0010002,2.1490002,0.41400003,0.740617,0,nan,0.0,3,1,7
209917093,1562313382600074,488481648,23578290,60824,107006,2.0440001,0.65887064,7.4230003,7.8290005,1.63,2.04,85,12,2.233,0.9620001,2.015,0.043,0.83567405,0,nan,0.0,3,1,7
210112095,1562313382800074,488481650,23578337,60276,106457,2.002,0.6269723,7.451,7.84,1.63,2.04,85,12,1.5830001,1.437,0.665,0.91800004,0.62453914,0,nan,0.0,3,1,7
210339285,1562313383000074,488481649,23578401,59527,105708,1.9790001,0.5993062,7.484,7.8550005,1.63,2.04,85,13,1.6530001,1.4510001,0.79200006,1.093,0.5593649,0,nan,0.0,3,1,7
210520055,1562313383200074,488481607,23578389,59345,105526,1.1600001,0.5993593,7.4960003,7.892,1.63,2.04,85,13,0.26500002,0.261,0.046000004,0.89900005,0.5593649,0,nan,0.0,3,1,7
210719127,1562313383400074,488481571,23578389,59125,105306,1.0960001,0.5994094,7.4960003,7.9290004,1.63,2.04,85,13,0.202,-0.15200001,0.132,0.96900004,0.5593649,0,nan,0.0,3,1,7
210915248,1562313383600074,488481553,23578411,58766,104947,1.0500001,0.59947306,7.4860005,7.9570003,1.63,2.04,85,13,0.89800006,0.896,0.061000004,1.0630001,0.5593649,0,nan,0.0,3,1,7
211116073,1562313383800075,488481572,23578437,58888,105069,1.641,0.59954816,7.5030003,8.004001,1.63,2.04,85,13,1.0070001,0.80300003,0.60700005,0.5,0.5593649,0,nan,0.0,3,1,7
211315226,1562313384000075,488481575,23578453,59207,105388,1.6220001,0.5996223,7.5190005,8.041,1.63,2.04,85,9,0.832,0.61,0.56600004,0.44200003,0.5593649,0,nan,0.0,3,1,7
211518165,1562313384200075,488481588,23578457,59560,105741,1.3770001,0.5996853,7.5360003,8.093,1.63,2.04,85,9,0.93700004,0.12200001,0.929,0.48800004,0.5593649,0,nan,0.0,3,1,7
211718166,1562313384400075,488481577,23578454,59865,106047,2.019,0.59977764,7.5590005,8.135,1.63,2.04,85,9,0.27600002,-0.22200002,-0.163,0.031000001,0.5593649,0,nan,0.0,3,1,7
211918154,1562313384600075,488481581,23578445,60015,106196,1.7080001,0.59985566,7.5840006,8.192,1.63,2.04,85,9,0.18200001,-0.156,-0.095000006,0.23300001,0.5593649,0,nan,0.0,3,1,7
212114025,1562313384800075,488481623,23578448,60530,106712,2.1420002,0.5999536,7.6180005,8.249001,1.63,2.04,85,9,0.961,0.87500006,0.39800003,0.112,0.5593649,0,nan,0.0,3,1,7
212338128,1562313385000075,488481669,23578449,60902,107084,2.084,0.6000489,7.6520004,8.304001,1.63,2.04,85,11,1.5040001,1.4720001,0.30600002,0.155,0.5593649,0,nan,0.0,3,1,7
212521057,1562313385200075,488481713,23578451,61071,107252,2.048,0.7499604,7.688,8.357,1.63,2.04,85,11,1.7340001,1.7080001,0.296,0.35900003,0.40805987,0,nan,0.0,3,1,7
212709060,1562313385400075,488481759,23578460,61285,107466,2.2,0.6029653,7.7320004,8.415,1.81,2.49,85,11,2.0770001,2.0270002,0.455,0.048,0.29429165,0,nan,0.0,3,1,6
212916207,1562313385600075,488481789,23578473,61497,107679,2.239,0.5709586,7.7790003,8.46,1.81,2.49,85,11,1.825,1.7170001,0.619,-0.335,0.32159767,0,nan,0.0,3,1,6
213115233,1562313385800075,488481756,23578501,61143,107325,1.8270001,0.5710464,7.8250003,8.509001,1.81,2.49,85,11,0.74200004,0.517,0.53300005,-0.804,0.32159767,0,nan,0.0,3,1,6
213315172,1562313386000076,488481774,23578512,61010,107191,1.9120001,0.5711745,7.8680005,8.580001,1.81,2.49,85,12,2.411,2.269,-0.813,-1.1450001,0.32159767,0,nan,0.0,3,1,6
213508070,1562313386200076,488481766,23578499,61230,107411,1.8560001,0.5712635,7.9100003,8.649,1.81,2.49,85,12,0.82000005,0.813,0.11100001,-0.99500006,0.32159767,0,nan,0.0,3,1,6
213712164,1562313386400076,488481748,23578522,61451,107633,1.955,0.57136005,7.9230003,8.719001,1.81,2.49,85,12,1.401,1.195,0.73200005,-1.4410001,0.32159767,0,nan,0.0,3,1,6
213913051,1562313386600076,488481753,23578562,61848,108029,1.889,0.70946807,7.9500003,8.794001,1.81,2.49,85,12,1.973,1.2030001,1.5630001,-1.6700001,0.5551461,0,nan,0.0,3,1,6
214110718,1562313386800076,488481779,23578611,62091,108273,2.012,0.4705521,7.9880004,8.857,1.81,2.49,85,12,2.4880002,2.0670002,1.3850001,-1.6430001,0.5796833,0,nan,0.0,3,1,6
214312109,1562313387000076,488481805,23578625,62662,108844,2.002,0.6201512,8.032001,8.923,1.81,2.49,85,9,2.0370002,1.769,1.01,-1.723,0.5574744,0,nan,0.0,3,1,6
214509694,1562313387200076,488481794,23578658,62643,108824,1.9030001,0.6202488,8.077001,8.985001,1.81,2.49,85,9,1.6140001,1.097,1.1850001,-1.5040001,0.5574744,0,nan,0.0,3,1,6
214711134,1562313387400076,488481796,23578655,62900,109081,2.26,0.62034863,8.142,9.063001,1.81,2.49,85,9,0.96500003,0.74500006,0.614,-0.776,0.5574744,0,nan,0.0,3,1,6
214911134,1562313387600076,488481748,23578639,62843,109025,1.33,0.62040746,8.174001,9.141001,1.81,2.49,85,9,0.16100001,-0.059000004,0.15,-0.62600005,0.5574744,0,nan,0.0,3,1,6
215111130,1562313387800076,488481717,23578629,63132,109314,1.12,0.620457,8.196,9.215,1.81,2.49,85,9,0.437,-0.33400002,0.28300002,-0.808,0.5574744,0,nan,0.0,3,1,6
215306388,1562313388000076,488481683,23578606,63922,110104,1.3840001,0.6205181,8.198,9.3,1.81,2.49,85,10,0.95400006,-0.23700002,0.924,-0.44400004,0.5574744,0,nan,0.0,3,1,6
215513894,1562313388200077,488481632,23578606,63932,110113,2.0470002,0.6206085,8.199,9.384001,1.81,2.49,85,10,0.67,0.40600002,0.53400004,-0.404,0.5574744,0,nan,0.0,3,1,6
215714367,1562313388400077,488481588,23578591,63866,110047,1.733,0.6206851,8.189,9.457001,1.81,2.49,85,10,0.186,0.178,0.055000003,-0.3,0.5574744,0,nan,0.0,3,1,6
215914162,1562313388600077,488481554,23578590,63773,109954,1.8800001,0.6207682,8.182,9.536,1.81,2.49,85,10,0.81500006,0.73800004,0.347,-0.132,0.5574744,0,nan,0.0,3,1,6
216112281,1562313388800077,488481516,23578577,63547,109728,1.7210001,0.6208441,8.177,9.617001,1.81,2.49,85,10,0.36200002,0.35900003,-0.048,-0.002,0.5574744,0,nan,0.0,3,1,6
216313199,1562313389000077,488481512,23578590,63246,109427,2.003,0.6209326,8.208,9.714001,1.81,2.49,85,10,1.0,0.98100007,0.19600001,-0.028,0.5574744,0,nan,0.0,3,1,6
216508121,1562313389200077,488481504,23578603,63165,109346,2.046,0.621023,8.237,9.798,2.31,2.82,85,10,1.279,1.0940001,0.66200006,-0.33,0.5574744,0,nan,0.0,3,1,5
216708076,1562313389400077,488481505,23578599,63335,109516,1.9940001,0.62111115,8.265,9.8810005,2.31,2.82,85,10,1.577,1.391,0.74300003,-0.055000003,0.5574744,0,nan,0.0,3,1,5
216912261,1562313389600077,488481491,23578601,63138,109319,2.019,0.62120014,8.319,9.97,2.31,2.82,85,10,1.031,0.63500005,0.813,0.437,0.5574744,0,nan,0.0,3,1,5
217110210,1562313389800077,488481477,23578610,63014,109195,1.6810001,0.62127435,8.384001,10.051001,2.31,2.82,85,10,0.95800006,0.13800001,0.9480001,0.693,0.5574744,0,nan,0.0,3,1,5
217316242,1562313390000077,488481459,23578591,62933,109114,1.422,0.6213372,8.450001,10.135,2.31,2.82,85,10,0.028,0.028,-0.0050000004,0.77300006,0.5574744,0,nan,0.0,3,1,5
217904075,1562313390600078,488481316,23578545,61237,107419,1.8690001,0.62154245,8.547,10.323001,2.31,2.82,85,10,1.0070001,-0.88100004,-0.48800004,1.118,0.5574744,0,nan,0.0,3,1,5
218106831,1562313390800078,488481302,23578518,61421,107603,1.5000001,0.62160873,8.568001,10.384001,2.31,2.82,85,10,0.572,-0.004,-0.57100004,0.83900005,0.5574744,0,nan,0.0,3,1,5
218311266,1562313391000078,488481284,23578478,61471,107653,1.8000001,0.621688,8.598001,10.419001,2.31,2.82,85,10,1.006,-0.185,-0.989,0.80600005,0.5574744,0,nan,0.0,3,1,5
218507265,1562313391200078,488481250,23578468,60686,106868,1.302,0.6217475,8.63,10.443001,2.31,2.82,85,10,0.68600005,0.296,-0.61800003,1.1620001,0.5574744,0,nan,0.0,3,1,5
218706583,1562313391400078,488481301,23578432,61456,107637,1.302,0.62181956,8.684,10.511001,2.31,2.82,85,10,1.223,1.113,-0.508,1.0830001,0.5574744,0,nan,0.0,3,1,5
218910161,1562313391600078,488481292,23578437,60853,107034,1.7930001,0.62189865,8.746,10.594001,2.31,2.82,85,10,0.87900007,0.82600003,0.30200002,1.028,0.5574744,0,nan,0.0,3,1,5
219106558,1562313391800078,488481269,23578444,60163,106344,1.7810001,0.6219772,8.808001,10.6710005,2.31,2.82,85,10,0.79700005,0.776,0.179,0.99000007,0.5574744,0,nan,0.0,3,1,5
219326205,1562313392000078,488481266,23578442,59647,105828,1.9260001,0.622062,8.857,10.724001,2.0,2.21,85,10,1.3290001,1.304,-0.259,0.79300004,0.5574744,0,nan,0.0,3,1,6
219509212,1562313392200078,488481226,23578431,59260,105441,1.5250001,0.6221292,8.906,10.773001,2.0,2.21,85,10,0.439,0.33600003,-0.282,0.094000004,0.5574744,0,nan,0.0,3,1,6
219710189,1562313392400079,488481177,23578424,58800,104981,1.8900001,0.62221265,8.956,10.819,2.0,2.21,85,10,0.372,-0.15300001,-0.33900002,-0.21100001,0.5574744,0,nan,0.0,3,1,6
219914128,1562313392600079,488481134,23578422,58509,104691,1.9130001,0.6222969,9.0060005,10.865001,2.0,2.21,85,10,0.43100002,-0.397,-0.16800001,-0.45800003,0.5574744,0,nan,0.0,3,1,6
220113050,1562313392800079,488481106,23578421,58438,104620,1.8590001,0.62237877,9.06,10.895,2.0,2.21,85,10,0.57500005,-0.55700004,0.143,-0.32200003,0.5574744,0,nan,0.0,3,1,6
220313132,1562313393000079,488481077,23578429,58438,104619,1.4970001,0.62244475,9.117001,10.905001,2.0,2.21,85,11,0.268,-0.26700002,0.025,-0.53900003,0.5574744,0,nan,0.0,3,1,6
220505381,1562313393200079,488481071,23578429,58141,104322,1.536,0.6225123,9.166,10.910001,2.0,2.21,85,11,0.77900004,0.69100004,-0.36,-0.31800002,0.5574744,0,nan,0.0,3,1,6
220713059,1562313393400079,488481089,23578425,58300,104482,2.24,0.6226111,9.209001,10.9140005,2.0,2.21,85,11,0.87600005,0.86500007,0.14,-0.21900001,0.5574744,0,nan,0.0,3,1,6
220912100,1562313393600079,488481044,23578423,57275,103457,2.101,0.6227036,9.2630005,10.931001,2.0,2.21,85,11,0.69500005,0.68700004,-0.106000006,0.032,0.5574744,0,nan,0.0,3,1,6
221117060,1562313393800079,488481048,23578426,57324,103506,2.348,0.6228069,9.293,10.927,1.63,2.04,85,11,0.70500004,0.554,0.43600002,-0.081,0.5574744,0,nan,0.0,3,1,7
221327197,1562313394000079,488481032,23578411,57324,103505,2.275,0.6229071,9.323001,10.945001,1.63,2.04,85,11,0.10300001,0.078,0.067,-0.026,0.5574744,0,nan,0.0,3,1,7
221515175,1562313394200079,488481026,23578396,57381,103563,2.137,0.62300116,9.352,10.971001,1.63,2.04,85,11,0.134,-0.113000005,-0.072000004,0.07700001,0.5574744,0,nan,0.0,3,1,7
221714587,1562313394400079,488481009,23578383,57217,103398,1.588,0.62307096,9.3810005,11.001,1.63,2.04,85,11,0.411,-0.008,-0.411,-0.007,0.5574744,0,nan,0.0,3,1,7
221915176,1562313394600080,488480997,23578384,56916,103098,1.9230001,0.62315565,9.410001,11.036,1.63,2.04,85,11,0.277,0.261,-0.09200001,0.001,0.5574744,0,nan,0.0,3,1,7
222119128,1562313394800080,488480979,23578377,56506,102687,1.72,0.62323135,9.443001,11.075001,1.63,2.04,85,11,0.41400003,0.342,-0.23300001,0.119,0.5574744,0,nan,0.0,3,1,7
222315162,1562313395000080,488480968,23578366,56290,102471,1.6730001,0.623305,9.472,11.103001,1.63,2.04,85,13,0.63500005,0.51600003,-0.36900002,-0.07700001,0.5574744,0,nan,0.0,3,1,7
222519258,1562313395200080,488480959,23578377,56252,102433,1.9930001,0.62339264,9.499001,11.113001,1.63,2.04,85,13,0.72400004,0.67700005,0.25800002,-0.55,0.5574744,0,nan,0.0,3,1,7
222721331,1562313395400080,488480967,23578405,56341,102522,2.0370002,0.62348235,9.525001,11.1310005,1.63,2.04,85,13,1.424,0.97400004,1.039,-0.87100005,0.5574744,0,nan,0.0,3,1,7
222919116,1562313395600080,488480940,23578427,56083,102264,2.0080001,0.6235707,9.537001,11.143001,1.63,2.04,85,13,1.416,1.1750001,0.79,-1.09,0.5574744,0,nan,0.0,3,1,7
223109795,1562313395800080,488480922,23578430,56075,102256,1.7850001,0.6236581,9.524,11.152,1.63,2.04,85,13,1.393,1.3520001,0.33600003,-1.4210001,0.5574744,0,nan,0.0,3,1,7
223330145,1562313396000080,488480902,23578459,55899,102080,1.8700001,0.73461604,9.5460005,11.173,1.63,2.04,85,12,1.4660001,1.003,1.07,-1.766,0.6665883,0,nan,0.0,3,1,7
223516839,1562313396200080,488480892,23578464,56244,102425,1.6810001,0.73468494,9.576,11.198001,1.63,2.04,85,12,0.85300004,0.50200003,0.69000006,-1.6340001,0.6665883,0,nan,0.0,3,1,7
223713095,1562313396400080,488480876,23578443,56463,102644,1.4260001,0.7347382,9.604,11.219001,1.63,2.04,85,12,0.377,0.37,-0.074,-1.09,0.6665883,0,nan,0.0,3,1,7
223914161,1562313396600080,488480838,23578386,56668,102850,2.0530002,0.7348148,9.612,11.248,1.63,2.04,85,12,1.044,-0.75200003,-0.725,-0.564,0.6665883,0,nan,0.0,3,1,7
224116049,1562313396800081,488480755,23578359,56226,102407,2.138,0.6953569,9.603001,11.237,1.63,2.04,85,12,1.4050001,-1.233,-0.674,-0.38700002,2.2363358,0,nan,0.0,3,1,7
224312177,1562313397000081,488480656,23578268,55818,101999,2.025,0.30719852,9.571,11.196,1.63,2.04,85,11,2.9970002,-2.1550002,-2.0830002,0.098000005,3.6367378,0,nan,0.0,3,1,7
224516212,1562313397200081,488480572,23578231,54981,101163,2.1920002,0.45433328,9.548,11.185,1.63,2.04,85,11,2.1490002,-1.9150001,-0.9760001,0.43800002,3.6292284,0,nan,0.0,3,1,7
224716073,1562313397400081,488480415,23578145,54370,100551,1.9280001,0.405744,9.378,11.1380005,1.63,2.04,85,11,2.131,-1.6100001,-1.3950001,0.45900002,3.7551563,0,nan,0.0,3,1,7
224917052,1562313397600081,488480333,23578087,53957,100138,1.6790001,0.40585744,9.268001,11.102,1.63,2.04,85,11,1.274,-0.70600003,-1.0610001,0.33,3.7551563,0,nan,0.0,3,1,7
225112165,1562313397800081,488480231,23578001,52883,99064,1.6110001,0.7731033,9.175,11.028001,1.63,2.04,85,11,1.9860001,-0.961,-1.738,0.71900004,3.8529265,0,nan,0.0,3,1,7
225328196,1562313398000081,488480146,23577935,51904,98085,1.5940001,0.44705978,9.096001,10.899,1.63,2.04,85,13,2.1190002,-1.7320001,-1.22,0.837,3.7795877,0,nan,0.0,3,1,7
225510741,1562313398200081,488480091,23577896,51451,97633,1.692,0.5792154,9.058001,10.860001,1.63,2.04,85,13,1.718,-1.3560001,-1.056,0.68,3.7884247,0,nan,0.0,3,1,7
225708097,1562313398400081,488479994,23577862,50624,96805,1.6750001,0.6249472,8.999001,10.845,1.63,2.04,85,13,1.9870001,-1.613,-1.1620001,0.591,3.778033,0,nan,0.0,3,1,7
225915127,1562313398600081,488479936,23577819,50421,96603,1.5430001,0.6528236,8.911,10.773001,1.63,2.04,85,13,1.636,-1.3160001,-0.9710001,0.573,3.777651,0,nan,0.0,3,1,7
226112192,1562313398800081,488479608,23577689,49408,95589,1.2930001,0.6651615,8.484,10.678,1.63,2.04,85,13,1.3820001,-0.998,-0.95600003,0.674,3.8402812,0,nan,0.0,3,1,7
226313189,1562313399000082,488479259,23577535,48754,94935,1.238,0.784822,7.9870005,10.579,1.63,2.04,85,11,1.108,-0.72900003,-0.83500004,0.558,3.904807,0,nan,0.0,3,1,7
226515163,1562313399200082,488479021,23577425,48037,94218,1.1140001,0.64766496,7.6500006,10.468,1.63,2.04,85,11,1.3230001,-0.78000003,-1.0680001,0.669,4.010256,0,nan,0.0,3,1,7
226713104,1562313399400082,488478973,23577375,47848,94030,1.123,0.66088355,7.5190005,10.312,1.63,2.04,85,11,1.4430001,-1.2820001,-0.66200006,0.559,3.818074,0,nan,0.0,3,1,7
226913076,1562313399600082,488478778,23577294,46510,92691,0.822,0.66092455,7.1480002,10.026,1.63,2.04,85,11,0.93600005,-0.563,-0.74700004,0.32000002,3.818074,0,nan,0.0,3,1,7
227120148,1562313399800082,488478659,23577247,44807,90988,0.771,0.66096747,6.8620005,9.774,1.63,2.04,85,11,0.771,-0.372,-0.67600006,0.68700004,3.818074,0,nan,0.0,3,1,7
227336082,1562313400000082,488478617,23577194,44188,90370,0.777,0.66101444,6.7000003,9.532001,1.63,2.04,85,12,0.9110001,-0.25,-0.87600005,0.669,3.818074,0,nan,0.0,3,1,7
227517711,1562313400200082,488478623,23577159,44029,90210,0.78200006,0.66107935,6.6540003,9.448001,1.63,2.04,85,12,1.442,0.409,-1.383,0.619,3.818074,0,nan,0.0,3,1,7
227716137,1562313400400082,488478633,23577121,43958,90140,0.73700005,0.66112787,6.6060004,9.370001,1.63,2.04,85,12,1.125,0.59000003,-0.95800006,0.31500003,3.818074,0,nan,0.0,3,1,7
227921104,1562313400600082,488478652,23577088,43978,90160,1.0480001,0.66118425,6.577,9.318001,1.63,2.04,85,12,1.3050001,1.1290001,-0.65300006,0.38200003,3.818074,0,nan,0.0,3,1,7
228120101,1562313400800082,488478674,23577069,44103,90285,1.396,0.6612422,6.5690002,9.302,1.63,2.04,85,12,1.281,1.2600001,-0.23,0.18900001,3.818074,0,nan,0.0,3,1,7
228316106,1562313401000083,488478698,23577052,44181,90362,1.4150001,0.7694795,6.5480003,9.277,1.63,2.04,85,12,1.7080001,1.6990001,-0.17400001,-0.054,4.8219104,0,nan,0.0,3,1,7
228517323,1562313401200083,488478739,23577034,44323,90504,1.3670001,0.5957395,6.5260005,9.248,1.63,2.04,85,12,2.2080002,2.2020001,-0.15900001,-0.26500002,5.690506,0,nan,0.0,3,1,7
228718815,1562313401400083,488478792,23577020,44689,90870,1.353,0.5062954,6.5060005,9.219001,1.63,2.04,85,12,2.4520001,2.4380002,0.27,0.245,6.0986576,0,nan,0.0,3,1,7
228921204,1562313401600083,488478838,23577000,44953,91134,1.23,0.41925198,6.4340005,9.116,1.63,2.04,85,12,2.795,2.742,0.54,-0.25500003,0.04033578,0,nan,0.0,3,1,7
229120955,1562313401800083,488478892,23577003,45482,91663,1.6110001,0.4794173,6.42,9.091001,1.63,2.04,85,12,2.6200001,2.3790002,1.0960001,-0.21800001,0.20998788,0,nan,0.0,3,1,7
229332124,1562313402000083,488478960,23577042,45551,91732,1.6760001,0.3019299,6.3770003,9.007,1.63,2.04,85,12,3.8470001,3.3220003,1.9390001,0.091000006,0.438057,0,nan,0.0,3,1,7
229518161,1562313402200083,488479008,23577052,45984,92166,1.4230001,0.46135366,6.3580003,8.965,1.63,2.04,85,12,2.6090002,2.2700002,1.2870001,-0.379,0.4613624,0,nan,0.0,3,1,7
229721408,1562313402400083,488479068,23577068,46305,92487,1.373,0.336216,6.3510003,8.959001,1.63,2.04,85,12,3.4340003,3.0920002,1.4950001,-0.25800002,0.4542671,0,nan,0.0,3,1,7
229918173,1562313402600083,488479126,23577091,46716,92897,1.593,0.33936074,6.3570004,8.972,1.63,2.04,85,12,3.1920002,2.6430001,1.789,-0.43600002,0.5240297,0,nan,0.0,3,1,7
230119141,1562313402800083,488479156,23577091,46862,93043,1.6140001,0.59568745,6.3640003,8.982,1.63,2.04,85,12,1.8370001,1.6930001,0.71300006,0.017,0.49322042,0,nan,0.0,3,1,7
230317762,1562313403000083,488479171,23577080,46591,92772,1.103,0.7849309,6.3620005,8.983001,1.63,2.04,85,13,1.8390001,1.792,-0.41000003,0.48200002,0.23079884,0,nan,0.0,3,1,7
230517527,1562313403200084,488479207,23577052,46817,92998,1.1810001,0.7849897,6.367,8.995001,1.63,2.04,85,13,1.6570001,1.6100001,-0.39400002,0.32200003,0.23079884,0,nan,0.0,3,1,7
230717062,1562313403400084,488479246,23577030,47310,93492,1.4590001,0.785044,6.3700004,9.012,1.63,2.04,85,13,1.5430001,1.5380001,-0.116000004,-0.16700001,0.23079884,0,nan,0.0,3,1,7
230910049,1562313403600084,488479270,23577016,47532,93713,1.5870001,0.7850995,6.386,9.036,1.63,2.04,85,13,1.033,1.031,-0.058000002,0.011000001,0.23079884,0,nan,0.0,3,1,7
231113145,1562313403800084,488479277,23577007,47490,93671,1.483,0.7851513,6.4170003,9.068001,1.63,2.04,85,13,0.71300006,0.582,-0.411,0.15400001,0.23079884,0,nan,0.0,3,1,7
231325184,1562313404000084,488479272,23576992,47624,93806,1.797,0.785214,6.4730005,9.107,1.63,2.04,85,13,0.65000004,-0.116000004,-0.64000005,-0.24900001,0.23079884,0,nan,0.0,3,1,7
231517106,1562313404200084,488479267,23576986,47675,93856,1.5510001,0.78526825,6.5360003,9.137,1.63,2.04,85,13,0.841,0.07,-0.83800006,-0.36800003,0.23079884,0,nan,0.0,3,1,7
231724252,1562313404400084,488479272,23576972,47529,93711,1.34,0.78531504,6.6060004,9.154,1.63,2.04,85,13,0.517,0.12100001,-0.50200003,0.208,0.23079884,0,nan,0.0,3,1,7
231924052,1562313404600084,488479270,23576909,47729,93910,1.6730001,0.78537333,6.6730003,9.185,1.63,2.04,85,13,1.5200001,-0.109000005,-1.516,0.51600003,0.23079884,0,nan,0.0,3,1,7
232124114,1562313404800084,488479254,23576841,48000,94181,1.9610001,0.7854498,6.7500005,9.213,1.63,2.04,85,13,2.187,-0.583,-2.108,0.080000006,0.23079884,0,nan,0.0,3,1,7
232323126,1562313405000084,488479263,23576861,47494,93675,1.251,0.78549343,6.8120003,9.228001,1.63,2.04,85,13,1.1500001,0.46300003,-1.052,0.39400002,0.23079884,0,nan,0.0,3,1,7
232525100,1562313405200084,488479251,23576865,47156,93337,1.0830001,0.785535,6.8840003,9.225,1.63,2.04,85,13,1.169,0.532,-1.041,0.22100002,0.23079884,0,nan,0.0,3,1,7
232724077,1562313405400085,488479218,23576849,47123,93304,1.932,0.78560233,6.9410005,9.22,1.63,2.04,85,13,1.1600001,-0.263,-1.13,-0.102000006,0.23079884,0,nan,0.0,3,1,7
232924087,1562313405600085,488479186,23576811,47418,93599,2.161,0.78567773,7.0130005,9.235001,1.63,2.04,85,13,1.7570001,-0.873,-1.5250001,-0.59900004,0.23079884,0,nan,0.0,3,1,7
233127125,1562313405800085,488479200,23576803,47805,93986,1.7980001,0.7857404,7.0650005,9.248,1.63,2.04,85,13,0.79300004,-0.26700002,-0.74700004,-0.409,0.23079884,0,nan,0.0,3,1,7
233338798,1562313406000085,488479202,23576804,47807,93989,1.194,0.7857821,7.116,9.274,1.63,2.04,85,11,0.80500007,0.24000001,-0.768,-0.48700002,0.23079884,0,nan,0.0,3,1,7
233522659,1562313406200085,488479191,23576811,47597,93778,1.172,0.7858229,7.1530004,9.26,1.23,1.3299999,85,11,0.68,0.23700002,-0.638,-0.532,0.23079884,0,nan,0.0,3,1,8
233726109,1562313406400085,488479185,23576832,47453,93635,1.292,0.7858679,7.1850004,9.243,1.23,1.3299999,85,11,0.25800002,0.22700001,-0.12200001,-0.651,0.23079884,0,nan,0.0,3,1,8
233914311,1562313406600085,488479199,23576863,47364,93545,1.8900001,0.7859339,7.2250004,9.226001,1.23,1.3299999,85,11,1.006,1.006,0.013,-0.656,0.23079884,0,nan,0.0,3,1,8
234119340,1562313406800085,488479215,23576876,47343,93525,2.084,0.7860067,7.268,9.231001,1.23,1.3299999,85,11,0.9850001,0.984,0.046000004,-0.523,0.23079884,0,nan,0.0,3,1,8
234321068,1562313407000085,488479223,23576909,47086,93267,2.1030002,0.78608,7.306,9.242001,1.23,1.3299999,85,12,1.0450001,1.0450001,0.032,-0.43400002,0.23079884,0,nan,0.0,3,1,8
234517065,1562313407200085,488479211,23576994,46266,92447,2.25,0.78615856,7.3300004,9.235001,1.23,1.3299999,85,12,1.422,1.3840001,0.32500002,-0.528,0.23079884,0,nan,0.0,3,1,8
234722172,1562313407400085,488479186,23577068,45824,92005,1.812,0.78622174,7.3690004,9.229,1.23,1.3299999,85,12,1.141,1.13,0.15900001,-1.176,0.23079884,0,nan,0.0,3,1,8
234916267,1562313407600086,488479078,23577246,43738,89919,1.5320001,0.78627515,7.353,9.168,1.23,1.3299999,85,12,0.619,0.59400004,0.17400001,-1.197,0.23079884,0,nan,0.0,3,1,8
235117054,1562313407800086,488479066,23577282,43790,89972,1.48,0.7863268,7.3980002,9.182,1.23,1.3299999,85,12,0.74700004,-0.053000003,0.74500006,-1.279,0.23079884,0,nan,0.0,3,1,8
235333161,1562313408000086,488479064,23577301,43871,90052,1.5000001,0.78637916,7.4570003,9.196,1.23,1.3299999,85,11,0.323,-0.045,0.32000002,-0.88600004,0.23079884,0,nan,0.0,3,1,8
235516065,1562313408200086,488479067,23577306,43907,90089,0.9620001,0.7864137,7.5120006,9.209001,1.63,2.04,85,11,0.72300005,0.38500002,-0.61300004,-0.68100005,0.23079884,0,nan,0.0,3,1,7
235717143,1562313408400086,488479067,23577315,43717,89899,0.952,0.78644687,7.5650005,9.217,1.63,2.04,85,11,0.73,0.38500002,-0.62,-0.34500003,0.23079884,0,nan,0.0,3,1,7
235916080,1562313408600086,488479060,23577348,43188,89369,1.4300001,0.7864968,7.616,9.22,1.63,2.04,85,11,0.441,0.37800002,-0.22600001,-0.055000003,0.23079884,0,nan,0.0,3,1,7
236109106,1562313408800086,488479081,23577364,43286,89468,1.8220001,0.78656036,7.6800003,9.27,1.63,2.04,85,11,0.808,0.777,-0.22100002,-0.36600003,0.23079884,0,nan,0.0,3,1,7
236316203,1562313409000086,488479099,23577347,43642,89823,1.524,0.7866134,7.754,9.330001,1.63,2.04,85,10,0.48200002,0.4,-0.27,-0.298,0.23079884,0,nan,0.0,3,1,7
236514321,1562313409200086,488479116,23577350,43871,90052,1.59,0.7866689,7.8240004,9.3880005,1.63,2.04,85,10,0.522,0.47700003,-0.21100001,-0.47100002,0.23079884,0,nan,0.0,3,1,7
236715289,1562313409400086,488479128,23577346,44101,90282,1.5150001,0.7867216,7.8870006,9.4470005,1.63,2.04,85,10,0.29700002,0.279,-0.1,-0.41400003,0.23079884,0,nan,0.0,3,1,7
236916099,1562313409600087,488479114,23577330,44185,90366,1.72,0.7867816,7.925,9.502001,1.63,2.04,85,10,0.66,-0.29200003,-0.591,-0.46,0.23079884,0,nan,0.0,3,1,7
237116061,1562313409800087,488479093,23577353,43861,90042,1.9840001,0.78685075,7.952,9.542001,1.63,2.04,85,10,0.546,-0.485,-0.25,-0.38300002,0.23079884,0,nan,0.0,3,1,7
237330339,1562313410000087,488479011,23577475,42020,88201,2.085,0.78692335,7.9460006,9.534,1.63,2.04,85,10,0.446,-0.44300002,-0.048,-0.004,0.23079884,0,nan,0.0,3,1,7
237514193,1562313410200087,488479005,23577505,41679,87861,1.2850001,0.78696823,7.978,9.583,1.63,2.04,85,10,0.28,-0.22500001,0.16700001,0.147,0.23079884,0,nan,0.0,3,1,7
237715215,1562313410400087,488479010,23577501,41535,87716,1.4810001,0.7870197,8.030001,9.632001,1.63,2.04,85,10,0.70600003,0.201,-0.67700005,0.257,0.23079884,0,nan,0.0,3,1,7
237918340,1562313410600087,488478996,23577488,40909,87090,1.7490001,0.7870806,8.088,9.688001,1.63,2.04,85,10,1.149,0.031000001,-1.149,0.62200004,0.23079884,0,nan,0.0,3,1,7
238117565,1562313410800087,488479002,23577471,41345,87527,2.082,0.78715307,8.158,9.748,1.63,2.04,85,10,0.89000005,-0.88900006,-0.034,0.66300005,0.23079884,0,nan,0.0,3,1,7
238317114,1562313411000087,488479022,23577491,41552,87733,1.3130001,0.78719896,8.218,9.795,1.63,2.04,85,9,0.517,-0.374,0.356,0.544,0.23079884,0,nan,0.0,3,1,7
238517055,1562313411200087,488479023,23577522,41744,87926,1.309,0.7872445,8.286,9.851001,1.63,2.04,85,9,0.97700006,-0.559,0.80200005,0.157,0.23079884,0,nan,0.0,3,1,7
238705106,1562313411400087,488478989,23577536,41242,87423,1.9260001,0.7873115,8.336,9.895,1.63,2.04,85,9,0.91800004,-0.90000004,0.185,0.38900003,0.23079884,0,nan,0.0,3,1,7
238919168,1562313411600087,488478963,23577551,41448,87629,1.8690001,0.78737664,8.39,9.953,1.63,2.04,85,9,1.718,-1.621,0.56700003,0.034,0.23079884,0,nan,0.0,3,1,7
239112124,1562313411800088,488478981,23577573,41780,87961,1.6880001,0.7874354,8.458,10.012,1.63,2.04,85,9,0.522,-0.43500003,0.28800002,-0.21700001,0.23079884,0,nan,0.0,3,1,7
239324789,1562313412000088,488478984,23577584,42042,88223,1.5000001,0.7874876,8.517,10.054001,1.63,2.04,86,9,0.27100003,-0.23500001,0.135,-0.57600003,0.23079884,0,nan,0.0,3,1,7
239511235,1562313412200088,488478960,23577580,42355,88536,1.8090001,0.7875506,8.563001,10.103001,1.63,2.04,86,9,1.3310001,-1.2830001,0.35500002,-0.63000005,0.23079884,0,nan,0.0,3,1,7
239716068,1562313412400088,488478962,23577610,42577,88759,1.445,0.7876035,8.626,10.153001,1.63,2.04,86,9,1.4460001,-1.085,0.95600003,-0.46100003,0.23079884,0,nan,0.0,3,1,7
239912092,1562313412600088,488478967,23577661,42227,88408,1.6780001,0.7876618,8.679001,10.198001,1.63,2.04,86,9,0.79,-0.068,0.78700006,-0.2,0.23079884,0,nan,0.0,3,1,7
240111166,1562313412800088,488478951,23577643,42934,89116,1.769,0.7877234,8.738001,10.249001,1.63,2.04,86,9,1.1400001,-1.103,0.289,-0.69100004,0.23079884,0,nan,0.0,3,1,7
240311202,1562313413000088,488478925,23577622,42977,89159,2.4190001,0.7878077,8.795,10.292001,1.63,2.04,86,11,1.383,-1.2440001,-0.606,-0.462,0.23079884,0,nan,0.0,3,1,7
240519125,1562313413200088,488478893,23577610,42678,88859,2.446,0.74465495,8.839001,10.325001,1.63,2.04,86,11,1.544,-1.32,-0.80100006,-0.177,5.0206313,0,nan,0.0,3,1,7
240716108,1562313413400088,488478874,23577601,42683,88864,2.219,0.7447367,8.894,10.360001,1.63,2.04,86,11,1.807,-1.807,0.05,0.321,5.0206313,0,nan,0.0,3,1,7
240916068,1562313413600088,488478860,23577601,42518,88699,2.2180002,0.74481833,8.935,10.393001,1.63,2.04,86,11,1.299,-1.273,-0.261,0.619,5.0206313,0,nan,0.0,3,1,7
241115147,1562313413800088,488478867,23577570,42596,88777,2.1330001,0.7448969,8.978001,10.411,1.63,2.04,86,11,1.2340001,-0.84900004,-0.896,0.89400005,5.0206313,0,nan,0.0,3,1,7
241326052,1562313414000089,488478850,23577549,42866,89047,2.568,0.72881174,9.04,10.431001,1.63,2.04,86,9,1.598,-1.4840001,-0.592,0.16800001,4.254463,0,nan,0.0,3,1,7
241515171,1562313414200089,488478860,23577592,42888,89069,1.429,0.7288655,9.082001,10.466001,1.63,2.04,86,9,0.53300005,-0.43,0.31500003,-0.44300002,4.254463,0,nan,0.0,3,1,7
241718199,1562313414400089,488478899,23577649,42772,88953,2.364,0.7289543,9.1380005,10.502001,1.63,2.04,86,9,1.3390001,0.79800004,1.0760001,-0.303,4.254463,0,nan,0.0,3,1,7
241917089,1562313414600089,488478942,23577689,43036,89217,2.3200002,0.72904164,9.199,10.523001,1.63,2.04,86,9,1.7830001,0.92300004,1.526,-0.476,4.254463,0,nan,0.0,3,1,7
242116195,1562313414800089,488478986,23577772,42630,88812,2.299,0.5458311,9.26,10.535001,1.63,2.04,86,9,2.825,1.3510001,2.4810002,-0.245,6.241753,0,nan,0.0,3,1,7
242916115,1562313415600089,488479036,23577965,41579,87760,2.403,0.5036657,9.497001,10.725,1.63,2.04,86,10,0.46100003,0.291,0.358,0.010000001,0.7623966,0,nan,0.0,3,1,7
243328076,1562313416000089,488479080,23577944,42128,88309,2.134,0.50390756,9.582001,10.830001,1.63,2.04,86,10,0.268,-0.158,-0.21700001,0.149,0.7623966,0,nan,0.0,3,1,7
243513215,1562313416200090,488479063,23577928,42276,88457,2.098,0.50402176,9.615001,10.882001,1.63,2.04,86,10,0.855,-0.56,-0.646,-0.476,0.7623966,0,nan,0.0,3,1,7
243717055,1562313416400090,488479045,23577888,42452,88633,2.319,0.50414777,9.644,10.926001,1.63,2.04,86,10,1.6570001,-1.3110001,-1.013,-0.23,0.7623966,0,nan,0.0,3,1,7
243906593,1562313416600090,488479059,23577843,42812,88993,2.2570002,0.5042706,9.672001,10.983001,1.63,2.04,86,10,1.7310001,-1.141,-1.302,0.1,0.7623966,0,nan,0.0,3,1,7
244114658,1562313416800090,488479075,23577830,43080,89261,2.4610002,0.5044043,9.683001,11.0390005,1.63,2.04,86,10,1.138,-1.0040001,-0.535,0.058000002,0.7623966,0,nan,0.0,3,1,7
244315205,1562313417000090,488479099,23577828,43844,90025,1.794,0.5045019,9.667001,11.086,1.63,2.04,86,9,1.0200001,-1.014,0.112,-0.48200002,0.7623966,0,nan,0.0,3,1,7
244515042,1562313417200090,488479111,23577834,44343,90524,1.256,0.5045701,9.643001,11.132001,1.63,2.04,86,9,0.70500004,-0.637,0.30200002,-0.76600003,0.7623966,0,nan,0.0,3,1,7
244714384,1562313417400090,488479078,23577831,43961,90142,1.304,0.504641,9.549001,11.181001,1.63,2.04,86,9,0.342,0.102000006,-0.326,-0.38900003,0.7623966,0,nan,0.0,3,1,7
244913666,1562313417600090,488479051,23577821,43817,89999,1.7780001,0.5047377,9.514001,11.217001,1.63,2.04,86,9,0.568,-0.56200004,-0.079,0.017,0.7623966,0,nan,0.0,3,1,7
245113643,1562313417800090,488479040,23577806,44144,90326,1.8520001,0.5048382,9.473001,11.248,1.63,2.04,86,9,0.94600004,-0.93000007,-0.17,0.12200001,0.7623966,0,nan,0.0,3,1,7
245317118,1562313418000090,488478980,23577813,43579,89760,1.7700001,0.5049344,9.433001,11.277,1.63,2.04,86,9,1.4660001,-1.4640001,0.08400001,0.32500002,0.7623966,0,nan,0.0,3,1,7
245521198,1562313418200090,488478928,23577816,43171,89353,1.756,0.5050297,9.394,11.3,1.63,2.04,86,9,1.4670001,-1.4670001,0.010000001,0.58000004,0.7623966,0,nan,0.0,3,1,7
245718196,1562313418400091,488478854,23577810,42347,88528,1.8310001,0.6518115,9.356001,11.324,1.63,2.04,86,9,1.8160001,-1.7530001,-0.476,0.91,1.7546945,0,nan,0.0,3,1,7
245912337,1562313418600091,488478798,23577818,41751,87933,1.876,0.6518904,9.331,11.349001,1.63,2.04,86,9,1.5640001,-1.536,-0.29200003,0.47100002,1.7546945,0,nan,0.0,3,1,7
246111464,1562313418800091,488478798,23577866,41191,87372,1.5280001,0.6519564,9.327001,11.365001,1.63,2.04,86,9,1.1980001,0.45100003,1.1090001,1.013,1.7546945,0,nan,0.0,3,1,7
246318180,1562313419000091,488478801,23577885,41090,87271,1.4660001,0.65201795,9.325001,11.359,1.63,2.04,86,11,0.568,0.18300001,0.537,0.791,1.7546945,0,nan,0.0,3,1,7
246510052,1562313419200091,488478753,23577886,40665,86846,2.02,0.65210277,9.3220005,11.347,1.63,2.04,86,11,1.0350001,-1.024,-0.15100001,0.38000003,1.7546945,0,nan,0.0,3,1,7
246712252,1562313419400091,488478748,23577886,40755,86936,1.876,0.6521817,9.329,11.352,1.63,2.04,86,11,0.809,-0.80500007,0.079,0.40600002,1.7546945,0,nan,0.0,3,1,7
246915136,1562313419600091,488478752,23577873,40882,87063,1.628,0.6522503,9.313001,11.331,1.63,2.04,86,11,0.549,-0.30400002,-0.45700002,0.609,1.7546945,0,nan,0.0,3,1,7
247115168,1562313419800091,488478739,23577851,40332,86514,1.217,0.6523213,9.2890005,11.311001,1.63,2.04,86,11,1.4330001,0.20600002,-1.4180001,0.90200007,1.7546945,0,nan,0.0,3,1,7
247315147,1562313420000091,488478712,23577820,40411,86593,1.9380001,0.6524028,9.277,11.311001,1.63,2.04,86,9,1.5530001,-1.1600001,-1.0320001,0.61300004,1.7546945,0,nan,0.0,3,1,7
247516213,1562313420200091,488478694,23577817,40449,86631,2.1460001,0.65249306,9.287001,11.314,1.63,2.04,86,9,1.5690001,-1.5150001,-0.407,0.72900003,1.7546945,0,nan,0.0,3,1,7
247716055,1562313420400092,488478666,23577835,40076,86257,2.0770001,0.6525803,9.266001,11.269001,1.63,2.04,86,9,1.3900001,-1.3000001,-0.492,0.53900003,1.7546945,0,nan,0.0,3,1,7
247912204,1562313420600092,488478623,23577864,39593,85775,2.065,0.60712826,9.247001,11.235001,1.63,2.04,86,9,1.8770001,-1.72,-0.75100005,0.30100003,2.7188926,0,nan,0.0,3,1,7
248114808,1562313420800092,488478597,23577904,39194,85375,1.95,0.5406239,9.216001,11.184001,1.63,2.04,86,9,1.9900001,-1.7450001,-0.957,0.41500002,3.2346153,0,nan,0.0,3,1,7
248314375,1562313421000092,488478611,23577935,39475,85656,1.9440001,0.5106842,9.168,11.110001,1.63,2.04,86,9,1.9020001,-1.7350001,-0.78000003,0.272,3.408769,0,nan,0.0,3,1,7
248514164,1562313421200092,488478612,23577987,38996,85178,1.764,0.7667835,9.113001,11.002001,1.63,2.04,86,9,1.107,-1.1,-0.125,0.35300002,3.361532,0,nan,0.0,3,1,7
248718363,1562313421400092,488478606,23578026,38989,85170,1.531,0.67909503,8.998,10.833,1.63,2.04,86,9,1.141,-1.093,-0.328,0.36800003,3.4014769,0,nan,0.0,3,1,7
248918052,1562313421600092,488478568,23578088,37691,83873,1.3640001,0.67915016,8.842,10.5390005,1.63,2.04,86,9,0.883,-0.869,-0.15300001,0.34600002,3.4014769,0,nan,0.0,3,1,7
249109602,1562313421800092,488478565,23578088,37781,83962,1.3050001,0.67920285,8.7630005,10.464001,1.63,2.04,86,9,0.514,-0.14500001,-0.49300003,0.21300001,3.4014769,0,nan,0.0,3,1,7
249316268,1562313422000092,488478587,23578083,37956,84138,0.87500006,0.67923814,8.693001,10.404,1.63,2.04,86,10,0.615,0.22600001,-0.572,0.42100003,3.4014769,0,nan,0.0,3,1,7
249517051,1562313422200092,488478598,23578083,37653,83835,0.89800006,0.67927444,8.668,10.373,1.63,2.04,86,10,0.577,0.31800002,-0.48100004,0.042000003,3.4014769,0,nan,0.0,3,1,7
249712197,1562313422400092,488478617,23578088,37378,83560,1.2310001,0.679324,8.648001,10.341001,1.63,2.04,86,10,0.81200004,0.75600004,-0.29500002,0.054,3.4014769,0,nan,0.0,3,1,7
249913218,1562313422600093,488478630,23578102,36928,83109,1.399,0.67938054,8.620001,10.290001,1.63,2.04,86,10,0.94600004,0.92100006,-0.215,0.16100001,3.4014769,0,nan,0.0,3,1,7
250133476,1562313422800093,488478610,23578104,36541,82723,1.2210001,0.67942977,8.6,10.265,1.63,2.04,86,10,0.634,0.035,-0.633,0.053000003,3.4014769,0,nan,0.0,3,1,7
250313101,1562313423000093,488478580,23578148,36233,82414,1.8720001,0.67950535,8.501,10.040001,1.63,2.04,86,10,0.59900004,-0.40300003,-0.44300002,-0.363,3.4014769,0,nan,0.0,3,1,7
250516349,1562313423200093,488478604,23578188,36471,82653,0.93000007,0.67954266,8.453,9.927,1.63,2.04,86,10,0.62,0.33600003,-0.521,-0.15400001,3.4014769,0,nan,0.0,3,1,7
250712134,1562313423400093,488478589,23578191,36210,82392,1.618,0.6796079,8.440001,9.903001,1.63,2.04,86,10,0.632,-0.21000001,-0.597,-0.097,3.4014769,0,nan,0.0,3,1,7
250916141,1562313423600093,488478615,23578203,36486,82668,2.0010002,0.67968875,8.431001,9.89,1.63,2.04,86,10,0.059000004,0.043,0.040000003,0.028,3.4014769,0,nan,0.0,3,1,7
251116093,1562313423800093,488478663,23578220,36831,83012,1.8110001,0.6797617,8.385,9.876,1.63,2.04,86,10,1.0840001,1.079,-0.10300001,0.120000005,3.4014769,0,nan,0.0,3,1,7
251315162,1562313424000093,488478706,23578201,37426,83607,1.5560001,0.67982453,8.333,9.857,1.63,2.04,86,9,1.511,1.0380001,-1.0990001,0.13900001,3.4014769,0,nan,0.0,3,1,7
251516054,1562313424200093,488478724,23578229,36996,83177,1.7260001,0.6798942,8.323,9.870001,1.63,2.04,86,9,1.296,1.2490001,0.34600002,0.583,3.4014769,0,nan,0.0,3,1,7
251711189,1562313424400093,488478730,23578255,36219,82400,1.4840001,0.67996347,8.312,9.882001,1.63,2.04,86,9,1.2930001,1.291,-0.076000005,1.136,3.4014769,0,nan,0.0,3,1,7
251923129,1562313424600093,488478742,23578312,35454,81636,1.6150001,0.6397141,8.297,9.891001,1.63,2.04,86,9,1.82,1.5120001,1.014,1.151,1.9101347,0,nan,0.0,3,1,7
252126155,1562313424800094,488478695,23578395,33780,79961,1.4050001,0.55627203,8.212001,9.907001,1.63,2.04,86,9,2.5660002,1.7760001,1.8520001,1.4350001,1.2815979,0,nan,0.0,3,1,7
252322140,1562313425000094,488478679,23578408,33424,79606,1.0350001,0.55636275,8.143001,9.944,1.81,2.48,86,11,1.102,1.01,0.441,1.475,1.2815979,0,nan,0.0,3,1,6
252521123,1562313425200094,488478702,23578450,33291,79472,1.5680001,0.55644774,8.1380005,9.986,1.81,2.48,86,11,1.429,1.003,1.0170001,0.96700007,1.2815979,0,nan,0.0,3,1,6
252718151,1562313425400094,488478713,23578458,33321,79502,1.292,0.5565193,8.13,10.02,1.81,2.48,86,11,1.003,0.90700006,0.42800003,1.0530001,1.2815979,0,nan,0.0,3,1,6
252921108,1562313425600094,488478709,23578446,33101,79282,1.1370001,0.55657846,8.123,10.058001,1.81,2.48,86,11,0.60700005,0.45000002,-0.40600002,1.0350001,1.2815979,0,nan,0.0,3,1,6
253117780,1562313425800094,488478710,23578432,33035,79216,1.345,0.5566448,8.115001,10.086,1.81,2.48,86,11,0.68200004,0.059000004,-0.68,0.781,1.2815979,0,nan,0.0,3,1,6
253326172,1562313426000094,488478714,23578436,32947,79128,1.1780001,0.55670273,8.117001,10.125001,1.81,2.48,86,9,0.643,0.46100003,-0.448,0.112,1.2815979,0,nan,0.0,3,1,6
253517243,1562313426200094,488478751,23578446,33149,79330,1.7,0.55678654,8.115001,10.142,1.63,2.03,86,9,1.266,1.2600001,-0.12200001,-0.34800002,1.2815979,0,nan,0.0,3,1,7
253716078,1562313426400094,488478788,23578450,33248,79429,1.7440001,0.55687237,8.116,10.158001,1.63,2.03,86,9,1.616,1.6140001,0.081,-0.33600003,1.2815979,0,nan,0.0,3,1,7
253920125,1562313426600094,488478807,23578432,33284,79466,1.519,0.5569473,8.126,10.200001,1.63,2.03,86,9,1.2270001,1.1580001,-0.40800002,0.023000002,1.2815979,0,nan,0.0,3,1,7
254118049,1562313426800095,488478809,23578420,33340,79521,1.3360001,0.5570131,8.146001,10.250001,1.63,2.03,86,9,0.31300002,0.15200001,-0.27400002,-0.22600001,1.2815979,0,nan,0.0,3,1,7
254312122,1562313427000095,488478827,23578418,33718,79899,1.598,0.5570918,8.161,10.297001,1.63,2.03,86,11,0.32200003,0.30100003,-0.11400001,-0.409,1.2815979,0,nan,0.0,3,1,7
254518598,1562313427200095,488478811,23578404,34502,80683,1.7990001,0.5571803,8.091001,10.338,1.63,2.03,86,11,0.62600005,0.483,0.39800003,-0.65300006,1.2815979,0,nan,0.0,3,1,7
254719297,1562313427400095,488478750,23578388,34551,80732,1.47,0.5572525,7.9890003,10.385,1.63,2.03,86,11,0.30600002,0.018000001,0.30600002,-0.35500002,1.2815979,0,nan,0.0,3,1,7
254920240,1562313427600095,488478705,23578384,34699,80881,0.933,0.5572986,7.9030004,10.427,1.63,2.03,86,11,0.694,-0.51500005,0.46400002,-0.21800001,1.2815979,0,nan,0.0,3,1,7
255122648,1562313427800095,488478705,23578376,35000,81181,1.3950001,0.5573672,7.8940005,10.468,1.63,2.03,86,11,0.62100005,0.52000004,-0.33800003,-0.298,1.2815979,0,nan,0.0,3,1,7
255316054,1562313428000095,488478697,23578358,35356,81537,1.4050001,0.5574363,7.9090004,10.511001,1.63,2.03,86,11,0.81000006,-0.77500004,-0.23700002,-0.52500004,1.2815979,0,nan,0.0,3,1,7
255516060,1562313428200095,488478677,23578346,35543,81724,1.6170001,0.5575159,7.9230003,10.544001,1.63,2.03,86,11,1.031,-1.0270001,-0.081,-0.15400001,1.2815979,0,nan,0.0,3,1,7
255716062,1562313428400095,488478653,23578320,35379,81560,1.853,0.557607,7.9430003,10.582001,1.63,2.03,86,11,1.3790001,-0.72200006,-1.1750001,0.12200001,1.2815979,0,nan,0.0,3,1,7
255914404,1562313428600095,488478643,23578290,34959,81140,1.5350001,0.55768836,7.9690003,10.613001,1.63,2.03,86,11,1.6450001,0.055000003,-1.644,0.163,1.2815979,0,nan,0.0,3,1,7
256113170,1562313428800095,488478637,23578299,34507,80688,1.7810001,0.5577758,7.9360003,10.512,1.24,1.3299999,86,11,0.404,-0.39800003,-0.07,0.328,1.2815979,0,nan,0.0,3,1,8
256314164,1562313429000096,488478647,23578326,34372,80553,1.5220001,0.55785066,7.9070005,10.427,1.24,1.3299999,85,10,0.42000002,0.067,0.41500002,0.061000004,1.2815979,0,nan,0.0,3,1,8
256518197,1562313429200096,488478658,23578332,34524,80705,1.197,0.5579095,7.886,10.359,1.24,1.3299999,85,10,0.256,-0.12200001,0.22500001,0.086,1.2815979,0,nan,0.0,3,1,8
256717091,1562313429400096,488478672,23578348,34843,81024,1.3590001,0.5579763,7.873,10.303,1.24,1.3299999,85,10,0.80200005,-0.17600001,0.78200006,0.12200001,1.2815979,0,nan,0.0,3,1,8
256905199,1562313429600096,488478694,23578358,35269,81450,1.8360001,0.55806655,7.8980002,10.35,1.81,2.48,85,10,0.68700004,0.41400003,0.54800004,0.132,1.2815979,0,nan,0.0,3,1,6
257116095,1562313429800096,488478715,23578353,35798,81980,1.8140001,0.55815554,7.8800006,10.282001,1.25,1.41,85,10,0.20300001,0.13900001,0.148,-0.18100001,1.2815979,0,nan,0.0,3,1,7
257316210,1562313430000096,488478713,23578342,36028,82210,1.6700001,0.5582376,7.8630004,10.219001,1.25,1.41,85,9,0.48600003,-0.48400003,0.049000002,0.095000006,1.2815979,0,nan,0.0,3,1,7
257517107,1562313430200096,488478721,23578343,36363,82544,1.4080001,0.5583069,7.8480005,10.161,1.24,1.3299999,85,9,0.42900002,-0.38200003,0.19500001,0.14600001,1.2815979,0,nan,0.0,3,1,8
257717065,1562313430400096,488478715,23578331,36697,82879,1.7950001,0.558395,7.8360004,10.107,1.24,1.3299999,85,9,0.933,-0.93200004,-0.043,0.17300001,1.2815979,0,nan,0.0,3,1,8
257916052,1562313430600096,488478716,23578345,36799,82980,1.5050001,0.5584689,7.8310003,10.056001,1.24,1.3299999,85,9,0.546,-0.526,0.147,0.015000001,1.2815979,0,nan,0.0,3,1,8
258116146,1562313430800096,488478725,23578370,36889,83070,1.422,0.5585387,7.8240004,10.01,1.24,1.3299999,85,9,0.54300004,-0.044000003,0.541,-0.004,1.2815979,0,nan,0.0,3,1,8
258315207,1562313431000096,488478726,23578391,36807,82988,1.6560001,0.55862,7.846,10.049001,1.63,2.03,85,11,0.60700005,0.29900002,0.528,0.24100001,1.2815979,0,nan,0.0,3,1,7
258517059,1562313431200097,488478744,23578421,36839,83020,1.8980001,0.5587132,7.8710003,10.086,1.63,2.03,85,11,1.148,0.89300007,0.72200006,0.252,1.2815979,0,nan,0.0,3,1,7
258714333,1562313431400097,488478753,23578448,36755,82936,1.8950001,0.55880606,7.8970003,10.124001,1.63,2.03,85,11,1.1,0.82400006,0.72900003,0.25,1.2815979,0,nan,0.0,3,1,7
258915163,1562313431600097,488478740,23578465,36447,82628,1.23,0.55886644,7.9210005,10.159,1.63,2.03,85,11,0.694,0.029000001,0.694,0.59400004,1.2815979,0,nan,0.0,3,1,7
259114338,1562313431800097,488478737,23578482,36427,82609,1.1270001,0.55892175,7.9430003,10.191001,1.63,2.03,85,11,0.637,-0.10300001,0.629,0.606,1.2815979,0,nan,0.0,3,1,7
259315209,1562313432000097,488478723,23578508,36061,82243,1.139,0.5589778,7.9670005,10.226001,1.63,2.03,85,9,0.70600003,-0.058000002,0.70400006,0.77300006,1.2815979,0,nan,0.0,3,1,7
259513090,1562313432200097,488478714,23578527,35938,82119,1.121,0.5590326,7.978,10.22,1.63,2.03,85,9,0.637,-0.020000001,0.637,0.768,1.2815979,0,nan,0.0,3,1,7
259733993,1562313432400097,488478705,23578539,36006,82187,1.133,0.5590883,7.997,10.249001,1.63,2.03,85,9,0.633,-0.448,0.44700003,0.344,1.2815979,0,nan,0.0,3,1,7
259915157,1562313432600097,488478667,23578539,35690,81871,1.8500001,0.559179,8.022,10.279,1.63,2.03,85,9,1.1680001,-1.1680001,0.024,0.312,1.2815979,0,nan,0.0,3,1,7
260117252,1562313432800097,488478653,23578545,35460,81641,1.5840001,0.5592567,8.052,10.307,1.63,2.03,85,9,0.569,-0.564,0.074,0.58100003,1.2815979,0,nan,0.0,3,1,7
260318137,1562313433000097,488478640,23578537,35444,81626,1.6600001,0.55933803,8.030001,10.223001,1.24,1.3299999,85,12,0.91800004,-0.91800004,0.0050000004,0.65800005,1.2815979,0,nan,0.0,3,1,8
260514344,1562313433200097,488478650,23578539,35753,81934,1.1240001,0.55939317,8.003,10.154,1.24,1.3299999,85,12,0.33,-0.158,0.29000002,0.499,1.2815979,0,nan,0.0,3,1,8
260716418,1562313433400098,488478654,23578544,35980,82161,1.0020001,0.5594422,7.9800005,10.076,1.24,1.3299999,85,12,0.717,-0.37300003,0.61200005,0.381,1.2815979,0,nan,0.0,3,1,8
260917100,1562313433600098,488478662,23578538,36211,82392,1.136,0.5594979,7.9610004,9.989,1.24,1.3299999,85,12,0.37500003,-0.30800003,0.21400002,0.28500003,1.2815979,0,nan,0.0,3,1,8
261114216,1562313433800098,488478681,23578524,36385,82566,1.276,0.55956036,7.9460006,9.915001,1.24,1.3299999,85,12,0.163,0.08400001,-0.14,0.61800003,1.2815979,0,nan,0.0,3,1,8
261321065,1562313434000098,488478685,23578492,36879,83061,1.7870001,0.559648,7.9260006,9.846001,1.24,1.3299999,85,12,0.771,-0.69500005,-0.33400002,0.47700003,1.2815979,0,nan,0.0,3,1,8
261516202,1562313434200098,488478706,23578469,37458,83640,1.5920001,0.559726,7.9020004,9.779,1.24,1.3299999,85,12,0.47300002,-0.404,-0.24700001,0.45100003,1.2815979,0,nan,0.0,3,1,8
261723255,1562313434400098,488478723,23578427,38427,84609,1.738,0.5598112,7.866,9.711,1.24,1.3299999,85,12,0.619,-0.52400005,-0.32900003,0.29700002,1.2815979,0,nan,0.0,3,1,8
261921071,1562313434600098,488478724,23578393,39328,85509,1.6100001,0.5598899,7.8110003,9.648001,1.24,1.3299999,85,12,0.393,-0.39100003,-0.035,0.080000006,1.2815979,0,nan,0.0,3,1,8
262116092,1562313434800098,488478725,23578354,40052,86233,0.99100006,0.55993843,7.7550006,9.59,1.24,1.3299999,85,12,0.69100004,0.24300002,-0.647,0.0,1.2815979,0,nan,0.0,3,1,8
262321058,1562313435000098,488478725,23578325,40498,86679,1.659,0.56001973,7.7110004,9.542001,1.24,1.3299999,85,10,0.374,-0.256,-0.273,0.05,1.2815979,0,nan,0.0,3,1,8
262518169,1562313435200098,488478735,23578297,40912,87094,1.468,0.5600915,7.6830006,9.496,1.24,1.3299999,85,10,0.74500006,-0.21800001,-0.712,-0.101,1.2815979,0,nan,0.0,3,1,8
262718390,1562313435400098,488478752,23578278,41151,87333,1.0380001,0.5601431,7.662,9.451,1.24,1.3299999,85,10,1.005,0.588,-0.81500006,-0.321,1.2815979,0,nan,0.0,3,1,8
262920108,1562313435600099,488478774,23578257,41290,87471,1.113,0.5602093,7.6400003,9.405001,1.24,1.3299999,85,10,1.315,1.0370001,-0.809,-0.31300002,1.2815979,0,nan,0.0,3,1,8
263122512,1562313435800099,488478791,23578232,41508,87689,1.1010001,0.5602709,7.6200004,9.363001,1.24,1.3299999,85,10,1.1630001,0.80100006,-0.84300005,-0.48400003,1.2815979,0,nan,0.0,3,1,8
263321057,1562313436000099,488478810,23578211,41727,87908,1.4820001,0.5603435,7.6000004,9.329,1.24,1.3299999,85,7,1.033,0.81500006,-0.634,-0.384,1.2815979,0,nan,0.0,3,1,8
263521232,1562313436200099,488478826,23578216,41891,88072,1.9250001,0.56043774,7.5880003,9.302,1.24,1.3299999,85,7,0.762,0.69600004,0.31,-0.291,1.2815979,0,nan,0.0,3,1,8
263722112,1562313436400099,488478840,23578231,41838,88019,1.8820001,0.5605297,7.576,9.274,1.24,1.3299999,85,7,0.883,0.794,0.38700002,-0.23400001,1.2815979,0,nan,0.0,3,1,8
263919152,1562313436600099,488478863,23578223,41898,88079,1.621,0.56060916,7.5660005,9.247001,1.24,1.3299999,85,7,1.2030001,1.1680001,-0.28800002,0.002,1.2815979,0,nan,0.0,3,1,8
264116259,1562313436800099,488478879,23578193,42152,88333,1.358,0.56067544,7.557,9.222,1.24,1.3299999,85,7,1.0830001,0.66800004,-0.85200006,-0.080000006,1.2815979,0,nan,0.0,3,1,8
264318351,1562313437000099,488478879,23578157,42355,88537,1.5710001,0.5607523,7.5520005,9.203,1.24,1.3299999,85,10,1.131,-0.18300001,-1.116,-0.12900001,1.2815979,0,nan,0.0,3,1,8
264514164,1562313437200099,488478896,23578128,42518,88699,1.483,0.5608254,7.556,9.191,1.24,1.3299999,85,10,1.3900001,0.40100002,-1.33,-0.551,1.2815979,0,nan,0.0,3,1,8
264713626,1562313437400099,488478895,23578120,42880,89061,1.511,0.5608992,7.5550003,9.174001,1.24,1.3299999,85,10,0.65800005,-0.64000005,-0.15,-0.485,1.2815979,0,nan,0.0,3,1,8
264917052,1562313437600099,488478882,23578109,43439,89620,1.6990001,0.5609823,7.5590005,9.161,1.24,1.3299999,85,10,1.4020001,-1.401,0.061000004,-0.36200002,1.2815979,0,nan,0.0,3,1,8
265117113,1562313437800100,488478844,23578109,43658,89840,1.7420001,0.72849864,7.5800004,9.201,1.63,2.03,85,10,2.1590002,-2.158,0.041,-0.632,1.9671004,0,nan,0.0,3,1,7
265320171,1562313438000100,488478824,23578126,43785,89967,1.4770001,0.7285665,7.5990005,9.240001,1.63,2.03,85,9,1.5020001,-1.498,0.119,-0.9990001,1.9671004,0,nan,0.0,3,1,7
265516171,1562313438200100,488478798,23578147,43799,89980,1.516,0.7286339,7.6200004,9.280001,1.63,2.03,85,9,1.493,-1.429,0.43300003,-0.99300003,1.9671004,0,nan,0.0,3,1,7
265716112,1562313438400100,488478773,23578168,43581,89762,1.506,0.7286908,7.6380005,9.311001,1.63,2.03,85,9,1.217,-1.169,0.33600003,-0.89500004,1.9671004,0,nan,0.0,3,1,7
265916111,1562313438600100,488478777,23578185,43628,89810,1.164,0.7287365,7.6530004,9.342,1.63,2.03,85,9,0.22000001,-0.17400001,0.136,-1.199,1.9671004,0,nan,0.0,3,1,7
266116059,1562313438800100,488478750,23578176,43893,90074,1.3210001,0.7288151,7.6660004,9.370001,1.63,2.03,85,9,1.292,-1.248,-0.333,-1.6370001,1.9671004,0,nan,0.0,3,1,7
266314580,1562313439000100,488478757,23578203,43537,89719,1.5780001,0.7288744,7.6760006,9.393001,1.63,2.03,85,10,0.67,0.56,0.36800003,-0.97200006,1.9671004,0,nan,0.0,3,1,7
266520058,1562313439200100,488478779,23578201,43450,89631,1.6140001,0.7289351,7.675,9.418,1.63,2.03,85,10,1.389,1.3590001,-0.287,-0.66700006,1.9671004,0,nan,0.0,3,1,7
266720055,1562313439400100,488478780,23578203,42872,89054,1.3850001,0.7289945,7.669,9.419001,1.63,2.03,85,10,1.475,1.3100001,-0.679,-0.56200004,1.9671004,0,nan,0.0,3,1,7
266914330,1562313439600100,488478792,23578196,42823,89004,1.366,0.7290519,7.6640005,9.432,1.63,2.03,85,10,1.4820001,1.189,-0.88500005,-0.37500003,1.9671004,0,nan,0.0,3,1,7
267118680,1562313439800100,488478813,23578193,42944,89125,1.4840001,0.72910774,7.6660004,9.462001,1.63,2.03,85,10,1.1780001,1.0580001,-0.517,-0.669,1.9671004,0,nan,0.0,3,1,7
267314146,1562313440000101,488478833,23578185,42735,88917,1.789,0.729175,7.689,9.509001,1.63,2.03,85,10,1.222,1.1170001,-0.49400002,-0.42400002,1.9671004,0,nan,0.0,3,1,7
267515278,1562313440200101,488478857,23578169,42446,88627,1.5610001,0.72924596,7.689,9.5460005,1.63,2.03,85,10,1.8870001,1.672,-0.87500006,-0.001,1.9671004,0,nan,0.0,3,1,7
267716997,1562313440400101,488478879,23578162,42523,88704,1.5380001,0.7293038,7.6940002,9.576,1.63,2.03,85,10,1.2210001,1.1810001,-0.31100002,-0.209,1.9671004,0,nan,0.0,3,1,7
267918155,1562313440600101,488478914,23578181,42665,88846,1.7500001,0.6946396,7.6990004,9.606001,1.63,2.03,85,10,1.5300001,1.4050001,0.60700005,-0.16700001,1.1493797,0,nan,0.0,3,1,7
268117565,1562313440800101,488478910,23578177,42995,89176,1.7040001,0.694707,7.682,9.639001,1.63,2.03,85,10,0.507,0.395,0.31800002,-0.148,1.1493797,0,nan,0.0,3,1,7
268317848,1562313441000101,488478896,23578189,43031,89213,1.1090001,0.6947506,7.6860003,9.673,1.63,2.03,85,10,0.943,-0.77800006,0.53300005,-0.2,1.1493797,0,nan,0.0,3,1,7
268517198,1562313441200101,488478891,23578211,42997,89178,1.261,0.6948004,7.6930003,9.707001,1.63,2.03,85,10,0.53000003,-0.078,0.52400005,-0.187,1.1493797,0,nan,0.0,3,1,7
268736055,1562313441400101,488478898,23578218,42830,89011,1.4920001,0.6948593,7.702,9.747001,1.63,2.03,85,10,1.266,1.169,-0.48600003,-0.497,1.1493797,0,nan,0.0,3,1,7
268918158,1562313441600101,488478896,23578198,42652,88834,1.4230001,0.69491553,7.7160006,9.791,1.63,2.03,85,10,0.92600006,0.526,-0.763,-0.193,1.1493797,0,nan,0.0,3,1,7
269120062,1562313441800101,488478892,23578203,42462,88643,1.7190001,0.69498324,7.7330003,9.837001,1.63,2.03,85,10,0.305,0.296,-0.072000004,-0.23400001,1.1493797,0,nan,0.0,3,1,7
269319464,1562313442000102,488478883,23578200,42517,88699,1.1880001,0.69503003,7.747,9.88,1.63,2.03,85,8,0.18100001,-0.17400001,-0.051000003,-0.26500002,1.1493797,0,nan,0.0,3,1,7
269519331,1562313442200102,488478872,23578188,42622,88803,1.5500001,0.6950913,7.7630005,9.925,1.63,2.03,85,8,0.54700005,-0.36800003,-0.40500003,-0.246,1.1493797,0,nan,0.0,3,1,7
269719293,1562313442400102,488478851,23578170,42837,89018,1.44,0.695148,7.7560005,9.948001,1.63,2.03,85,8,0.44400004,-0.14600001,-0.41900003,-0.083000004,1.1493797,0,nan,0.0,3,1,7
269913206,1562313442600102,488478813,23578163,42569,88751,1.766,0.69521767,7.7570004,10.004001,1.63,2.03,85,8,0.363,-0.30800003,-0.192,0.016,1.1493797,0,nan,0.0,3,1,7
270119336,1562313442800102,488478779,23578151,42554,88735,1.8180001,0.6952894,7.76,10.055,1.63,2.03,85,8,0.76500005,-0.757,-0.109000005,0.303,1.1493797,0,nan,0.0,3,1,7
270319169,1562313443000102,488478749,23578153,42445,88626,1.6300001,0.6953536,7.76,10.101001,1.63,2.03,85,10,0.505,-0.41300002,-0.29000002,-0.095000006,1.1493797,0,nan,0.0,3,1,7
270520048,1562313443200102,488478692,23578156,42089,88271,1.6450001,0.69541854,7.708,10.149,1.63,2.03,85,10,0.033,0.021000002,0.025,-0.053000003,1.1493797,0,nan,0.0,3,1,7
270734154,1562313443400102,488478643,23578123,42240,88422,1.5330001,0.6954789,7.669,10.203,1.63,2.03,85,10,0.84000003,-0.23200001,-0.80700004,-0.031000001,1.1493797,0,nan,0.0,3,1,7
270919100,1562313443600102,488478605,23578104,42102,88283,1.3700001,0.69553286,7.6610003,10.255,1.63,2.03,85,10,0.99500006,-0.10300001,-0.989,-0.164,1.1493797,0,nan,0.0,3,1,7
271118159,1562313443800102,488478590,23578102,42178,88360,1.1220001,0.6955772,7.669,10.299001,1.63,2.03,85,10,0.57600003,0.034,-0.57500005,-0.609,1.1493797,0,nan,0.0,3,1,7
271319451,1562313444000102,488478549,23578092,41679,87861,1.1470001,0.6956224,7.681,10.351001,1.63,2.03,85,10,1.0300001,0.36100003,-0.96500003,-0.416,1.1493797,0,nan,0.0,3,1,7
271516341,1562313444200103,488478538,23578105,41234,87415,1.5050001,0.69568175,7.7050004,10.401,1.63,2.03,85,10,0.947,0.873,-0.367,-0.483,1.1493797,0,nan,0.0,3,1,7
271717058,1562313444400103,488478532,23578153,40961,87142,1.7490001,0.69575065,7.7290006,10.450001,1.63,2.03,85,10,1.1800001,0.44500002,1.093,-0.81600004,1.1493797,0,nan,0.0,3,1,7
271918143,1562313444600103,488478532,23578166,41286,87467,1.7950001,0.69582134,7.7560005,10.488001,1.63,2.03,85,10,0.66200006,0.19900002,0.632,-0.185,1.1493797,0,nan,0.0,3,1,7
272117113,1562313444800103,488478541,23578141,41902,88083,1.718,0.69588906,7.7960005,10.521001,1.63,2.03,85,10,0.679,-0.16700001,-0.65800005,-0.22700001,1.1493797,0,nan,0.0,3,1,7
272317057,1562313445000103,488478530,23578097,42700,88881,2.187,0.6125582,7.8340006,10.55,1.63,2.03,85,9,1.812,-1.5150001,-0.994,-0.39800003,2.5991392,0,nan,0.0,3,1,7
272513115,1562313445200103,488478519,23578074,43720,89901,2.2310002,0.53198385,7.859,10.576,1.63,2.03,85,9,2.63,-2.628,-0.108,-0.39200002,2.9317474,0,nan,0.0,3,1,7
272733055,1562313445400103,488478498,23578102,43714,89895,2.2440002,0.678071,7.8350005,10.578,1.63,2.03,85,9,1.914,-1.9130001,0.051000003,-0.08800001,3.0016537,0,nan,0.0,3,1,7
272916359,1562313445600103,488478478,23578108,43778,89959,2.025,0.67815304,7.8480005,10.599001,1.63,2.03,85,9,1.2980001,-1.1680001,-0.568,-0.53300005,3.0016537,0,nan,0.0,3,1,7
273116317,1562313445800103,488478462,23578129,43714,89896,2.033,0.67823505,7.8600006,10.618,1.63,2.03,85,9,0.93200004,-0.91600007,0.172,-0.30800003,3.0016537,0,nan,0.0,3,1,7
273317114,1562313446000103,488478476,23578145,43601,89782,1.534,0.6782972,7.8780003,10.6380005,1.63,2.03,85,9,0.46,0.34100002,-0.31,-0.3,3.0016537,0,nan,0.0,3,1,7
273516125,1562313446200103,488478512,23578152,43666,89847,1.6270001,0.67836285,7.8890004,10.656,1.63,2.03,85,9,1.164,1.0580001,-0.48700002,0.177,3.0016537,0,nan,0.0,3,1,7
273716164,1562313446400104,488478498,23578166,43440,89622,1.273,0.67841434,7.9160004,10.6710005,1.63,2.03,85,9,0.091000006,0.030000001,-0.086,0.16900001,3.0016537,0,nan,0.0,3,1,7
273915245,1562313446600104,488478487,23578174,43169,89351,1.373,0.67846984,7.9430003,10.683001,1.63,2.03,85,9,0.505,-0.067,-0.50100005,0.15900001,3.0016537,0,nan,0.0,3,1,7
274111285,1562313446800104,488478480,23578207,42759,88941,1.4970001,0.6785304,7.971,10.685,1.63,2.03,85,9,0.358,0.08400001,0.34800002,0.25500003,3.0016537,0,nan,0.0,3,1,7
274310727,1562313447000104,488478485,23578198,42738,88920,1.327,0.678584,8.004001,10.686001,1.63,2.03,85,10,1.108,0.023000002,-1.107,0.66700006,3.0016537,0,nan,0.0,3,1,7
274514050,1562313447200104,488478460,23578185,42586,88768,2.1490002,0.6786709,8.045,10.706,1.63,2.03,85,10,1.1450001,-0.70900005,-0.90000004,0.289,3.0016537,0,nan,0.0,3,1,7
274725075,1562313447400104,488478458,23578204,42489,88670,2.1720002,0.6787585,8.074,10.718,1.63,2.03,85,10,0.42200002,-0.407,-0.11100001,0.029000001,3.0016537,0,nan,0.0,3,1,7
274911250,1562313447600104,488478470,23578240,42430,88611,1.9190001,0.67883617,8.092,10.721001,1.63,2.03,85,10,0.572,0.43400002,0.37300003,-0.273,3.0016537,0,nan,0.0,3,1,7
275111141,1562313447800104,488478494,23578262,42664,88846,1.871,0.67891175,8.1,10.7300005,1.63,2.03,85,10,0.80300003,0.76600003,0.24100001,-0.393,3.0016537,0,nan,0.0,3,1,7
275324184,1562313448000104,488478501,23578295,42547,88729,1.7850001,0.6789836,8.088,10.72,1.63,2.03,85,9,0.81900007,0.554,0.60300004,-0.272,3.0016537,0,nan,0.0,3,1,7
275513303,1562313448200104,488478482,23578341,42017,88198,1.213,0.6790327,8.069,10.702001,1.63,2.03,85,9,0.989,0.052,0.98800004,0.007,3.0016537,0,nan,0.0,3,1,7
275717052,1562313448400104,488478483,23578360,41992,88173,1.179,0.6790802,8.059,10.704,1.63,2.03,85,9,0.215,-0.097,0.192,0.245,3.0016537,0,nan,0.0,3,1,7
275916125,1562313448600105,488478467,23578388,41588,87770,1.271,0.6791315,8.059,10.723001,1.63,2.03,85,9,0.59800005,-0.39000002,0.453,0.42600003,3.0016537,0,nan,0.0,3,1,7
276116122,1562313448800105,488478451,23578392,41366,87548,1.8780001,0.6792074,8.062,10.745001,1.63,2.03,85,9,0.702,-0.53000003,-0.46100003,0.337,3.0016537,0,nan,0.0,3,1,7
276316121,1562313449000105,488478449,23578388,41398,87579,1.705,0.67927617,8.045,10.768001,1.63,2.03,85,10,0.60400003,-0.272,-0.53900003,0.349,3.0016537,0,nan,0.0,3,1,7
276516123,1562313449200105,488478428,23578397,40924,87106,1.8010001,0.67934895,8.026,10.787001,1.63,2.03,85,10,0.661,-0.58900005,-0.3,0.37500003,3.0016537,0,nan,0.0,3,1,7
276728129,1562313449400105,488478400,23578392,40391,86573,1.71,0.6794179,8.004001,10.8,1.63,2.03,85,10,1.0910001,-0.629,-0.89100003,0.44500002,3.0016537,0,nan,0.0,3,1,7
276915176,1562313449600105,488478397,23578369,40460,86641,1.5500001,0.67948055,7.998,10.809001,1.63,2.03,85,10,1.5220001,-0.49500003,-1.439,0.18100001,3.0016537,0,nan,0.0,3,1,7
277111614,1562313449800105,488478360,23578351,40132,86314,1.769,0.6724633,7.9940004,10.820001,1.63,2.03,85,10,1.5480001,-1.1630001,-1.023,0.091000006,3.4367936,0,nan,0.0,3,1,7
277317116,1562313450000105,488478291,23578348,39143,85324,1.863,0.7563864,7.9960003,10.845,1.63,2.03,85,9,1.4050001,-1.241,-0.65900004,0.66700006,3.5219872,0,nan,0.0,3,1,7
277516060,1562313450200105,488478235,23578356,38343,84524,1.784,0.75645113,8.0,10.863001,1.63,2.03,85,9,1.189,-1.1290001,-0.37100002,0.96500003,3.5219872,0,nan,0.0,3,1,7
277706174,1562313450400105,488478196,23578378,37722,83904,1.7730001,0.75651556,8.009001,10.879001,1.63,2.03,85,9,0.91200006,-0.8880001,-0.20500001,0.65500003,3.5219872,0,nan,0.0,3,1,7
277915128,1562313450600106,488478168,23578408,37324,83506,1.6530001,0.7565754,8.02,10.894,1.63,2.03,85,9,0.51000005,-0.51000005,0.016,-0.043,3.5219872,0,nan,0.0,3,1,7
278115174,1562313450800106,488478147,23578406,37237,83419,1.8390001,0.75664204,8.02,10.883,1.63,2.03,85,9,0.67800003,-0.66,-0.155,0.291,3.5219872,0,nan,0.0,3,1,7
278311303,1562313451000106,488478140,23578419,37221,83402,1.5730001,0.75669914,8.031,10.894,1.63,2.03,85,10,0.259,-0.259,0.011000001,0.289,3.5219872,0,nan,0.0,3,1,7
278518052,1562313451200106,488478117,23578416,37334,83516,1.6370001,0.75675833,8.024,10.8880005,1.63,2.03,85,10,1.3690001,-1.35,0.22800002,0.71400005,3.5219872,0,nan,0.0,3,1,7
278730349,1562313451400106,488478106,23578405,37834,84015,1.618,0.6554605,7.9960003,10.873,1.63,2.03,85,10,1.5450001,-1.478,-0.45000002,0.64100003,3.4735045,0,nan,0.0,3,1,7
278918357,1562313451600106,488478065,23578420,37664,83846,1.4940001,0.59516054,7.9230003,10.837001,1.63,2.03,85,10,1.6990001,-1.631,-0.476,0.697,3.4471486,0,nan,0.0,3,1,7
279117083,1562313451800106,488478013,23578450,37215,83396,1.4440001,0.3822332,7.8750005,10.817,1.63,2.03,85,10,2.1780002,-2.163,-0.257,0.94500005,3.3145092,0,nan,0.0,3,1,7
279317137,1562313452000106,488477966,23578475,36883,83064,1.4180001,0.5423937,7.8110003,10.767,1.63,2.03,85,11,1.6830001,-1.6700001,-0.202,0.703,3.2971473,0,nan,0.0,3,1,7
279517097,1562313452200106,488477904,23578505,36151,82333,1.4810001,0.53110975,7.7400002,10.659,1.63,2.03,85,11,2.13,-2.0870001,0.425,0.38300002,3.1152363,0,nan,0.0,3,1,7
279715255,1562313452400106,488477874,23578539,35437,81619,1.445,0.5311843,7.6720004,10.533001,1.63,2.03,85,11,0.638,-0.615,0.17,0.50100005,3.1152363,0,nan,0.0,3,1,7
279920205,1562313452600106,488477845,23578547,34955,81137,1.424,0.5312628,7.6300006,10.441001,1.63,2.03,85,11,1.144,-1.0600001,-0.43,1.003,3.1152363,0,nan,0.0,3,1,7
280120867,1562313452800107,488477836,23578547,34870,81052,1.355,0.5313374,7.6010003,10.407001,1.63,2.03,85,11,1.01,-0.9250001,-0.404,1.033,3.1152363,0,nan,0.0,3,1,7
280312161,1562313453000107,488477861,23578528,35756,81937,1.383,0.5314203,7.5530005,10.313001,1.63,2.03,85,10,1.4430001,-0.846,-1.169,0.703,3.1152363,0,nan,0.0,3,1,7
280520157,1562313453200107,488477825,23578520,35681,81862,1.337,0.7810992,7.4440002,10.236,1.63,2.03,85,10,1.393,-0.20500001,-1.378,0.78900003,3.5738714,0,nan,0.0,3,1,7
280720689,1562313453400107,488477834,23578463,36164,82346,1.2570001,0.61823416,7.3840003,10.211,1.63,2.03,85,10,2.094,0.141,-2.089,1.2240001,4.3153806,0,nan,0.0,3,1,7
280917160,1562313453600107,488477860,23578420,36643,82824,0.896,0.7437971,7.3280005,10.172001,1.63,2.03,85,10,1.8390001,0.785,-1.6630001,0.82600003,4.6578407,0,nan,0.0,3,1,7
281115192,1562313453800107,488477851,23578389,36240,82421,1.383,0.7438537,7.3120003,10.142,1.63,2.03,85,10,1.5270001,-0.36200002,-1.4840001,-0.155,4.6578407,0,nan,0.0,3,1,7
281319367,1562313454000107,488477852,23578370,36270,82451,1.3700001,0.7439043,7.2900004,10.093,1.63,2.03,85,10,1.1190001,-0.164,-1.107,-0.17,4.6578407,0,nan,0.0,3,1,7
281519331,1562313454200107,488477879,23578371,36230,82412,1.3690001,0.7439546,7.227,9.92,1.63,2.03,85,10,1.0040001,0.73800004,-0.68,0.025,4.6578407,0,nan,0.0,3,1,7
281718845,1562313454400107,488477897,23578338,36655,82836,1.207,0.7440013,7.234,9.873,1.63,2.03,85,10,1.233,0.164,-1.222,-0.279,4.6578407,0,nan,0.0,3,1,7
281919343,1562313454600107,488477936,23578301,36650,82832,1.2360001,0.7440739,7.247,9.819,1.63,2.03,85,10,1.937,1.148,-1.5600001,-0.37300003,4.6578407,0,nan,0.0,3,1,7
282122147,1562313454800107,488477993,23578282,36435,82617,1.6250001,0.57092315,7.2450004,9.801001,1.63,2.03,85,10,2.555,2.3820002,-0.92200005,-0.16800001,5.448556,0,nan,0.0,3,1,7
282318217,1562313455000108,488478040,23578255,36636,82817,1.429,0.7734227,7.248,9.784,1.63,2.03,85,12,1.7870001,1.6140001,-0.767,0.23300001,5.5865173,0,nan,0.0,3,1,7
282522113,1562313455200108,488478100,23578242,37297,83478,1.5610001,0.77347803,7.2490005,9.771001,1.63,2.03,85,12,1.3360001,1.3340001,-0.061000004,0.21400002,5.5865173,0,nan,0.0,3,1,7
282722177,1562313455400108,488478177,23578235,38172,84353,1.6500001,0.57178307,7.255,9.773001,1.63,2.03,85,12,2.1430001,2.137,-0.155,-0.45600003,5.990182,0,nan,0.0,3,1,7
282913120,1562313455600108,488478206,23578249,38394,84575,1.769,0.57186794,7.2720003,9.797001,1.63,2.03,85,12,1.1060001,0.75000006,0.813,0.001,5.990182,0,nan,0.0,3,1,7
283117077,1562313455800108,488478209,23578268,38440,84622,1.1320001,0.5719222,7.287,9.813001,1.63,2.03,85,12,0.725,-0.26200002,0.67600006,0.156,5.990182,0,nan,0.0,3,1,7
283322049,1562313456000108,488478202,23578278,38643,84825,1.366,0.5719878,7.2960005,9.817,1.63,2.03,85,12,0.88500005,-0.82100004,0.33,-0.018000001,5.990182,0,nan,0.0,3,1,7
283524122,1562313456200108,488478235,23578287,39606,85787,1.355,0.5720527,7.287,9.816001,1.63,2.03,85,12,0.47500002,0.0050000004,0.47500002,-0.40500003,5.990182,0,nan,0.0,3,1,7
283716100,1562313456400108,488478244,23578266,40119,86300,1.176,0.5721091,7.287,9.828,1.63,2.03,85,12,0.51600003,0.105000004,-0.505,-0.34,5.990182,0,nan,0.0,3,1,7
283920152,1562313456600108,488478250,23578249,40303,86484,1.245,0.5721688,7.3020005,9.84,1.63,2.03,85,12,0.79700005,0.049000002,-0.795,-0.61200005,5.990182,0,nan,0.0,3,1,7
284120330,1562313456800108,488478260,23578221,40700,86881,1.2540001,0.5722414,7.3220005,9.860001,1.63,2.03,85,12,1.1220001,0.030000001,-1.121,-1.021,5.990182,0,nan,0.0,3,1,7
284319344,1562313457000108,488478272,23578203,41386,87567,1.371,0.57232535,7.347,9.874001,1.63,2.03,85,12,0.66400003,-0.358,-0.56,-1.618,5.990182,0,nan,0.0,3,1,7
284515220,1562313457200109,488478295,23578192,42338,88520,1.337,0.5724273,7.3810005,9.889001,1.63,2.03,85,12,0.35200003,-0.053000003,-0.34800002,-2.102,5.990182,0,nan,0.0,3,1,7
284719399,1562313457400109,488478345,23578155,43405,89586,1.2700001,0.5725226,7.3810005,9.839001,1.24,1.3299999,85,12,1.166,0.35000002,-1.113,-1.6110001,5.990182,0,nan,0.0,3,1,8
284919164,1562313457600109,488478406,23578110,44557,90738,1.222,0.5725929,7.3810005,9.792001,1.24,1.3299999,85,12,1.105,0.24800001,-1.077,-0.96900004,5.990182,0,nan,0.0,3,1,8
285118683,1562313457800109,488478413,23578083,44895,91076,1.2390001,0.5726722,7.4070005,9.803,1.63,2.03,85,12,1.199,0.22000001,-1.179,-1.141,5.990182,0,nan,0.0,3,1,7
285322049,1562313458000109,488478437,23578072,45308,91489,1.363,0.57274634,7.438,9.8220005,1.63,2.03,85,12,0.92800003,0.66300005,-0.648,-1.241,5.990182,0,nan,0.0,3,1,7
285512111,1562313458200109,488478454,23578067,45922,92104,1.253,0.5728078,7.4620004,9.839001,1.63,2.03,85,12,0.14600001,0.056,0.135,-1.274,5.990182,0,nan,0.0,3,1,7
285716174,1562313458400109,488478459,23578073,46241,92422,1.3160001,0.5728797,7.4860005,9.861,1.63,2.03,85,12,0.39600003,0.34100002,-0.201,-1.4490001,5.990182,0,nan,0.0,3,1,7
285918050,1562313458600109,488478466,23578076,46157,92338,1.4250001,0.5729635,7.5060005,9.883,1.63,2.03,85,12,1.2240001,0.99600005,-0.711,-1.2520001,5.990182,0,nan,0.0,3,1,7
286118049,1562313458800109,488478460,23578086,45736,91917,1.442,0.57303256,7.5280004,9.897,1.63,2.03,85,12,0.943,0.83800006,-0.43300003,-0.79,5.990182,0,nan,0.0,3,1,7
286317152,1562313459000109,488478500,23578087,45911,92093,1.6250001,0.5731162,7.557,9.908001,1.63,2.03,85,11,1.7420001,1.6620001,-0.521,-0.17600001,5.990182,0,nan,0.0,3,1,7
286513627,1562313459200109,488478540,23578092,46030,92211,1.7290001,0.5732134,7.5920005,9.916,1.63,2.03,85,11,2.023,1.9840001,-0.397,-0.17600001,5.990182,0,nan,0.0,3,1,7
286718157,1562313459400110,488478595,23578087,46614,92795,1.6320001,0.5732914,7.5750003,9.823001,1.24,1.3299999,85,11,1.33,1.297,-0.294,-0.008,5.990182,0,nan,0.0,3,1,8
286917112,1562313459600110,488478648,23578088,46968,93149,1.5450001,0.5733654,7.5460005,9.719001,1.24,1.3299999,85,11,1.2750001,1.251,-0.24900001,0.50200003,5.990182,0,nan,0.0,3,1,8
287120444,1562313459800110,488478711,23578098,47592,93773,1.6850001,0.57344604,7.5130005,9.617001,1.24,1.3299999,85,11,1.2880001,1.253,0.298,0.63000005,5.990182,0,nan,0.0,3,1,8
287338216,1562313460000110,488478713,23578154,46869,93051,1.4950001,0.5735235,7.438,9.463,1.24,1.3299999,85,11,1.371,1.3540001,0.21300001,0.864,5.990182,0,nan,0.0,3,1,8
287917057,1562313460600110,488478803,23578118,48867,95048,1.8310001,0.5737281,7.3890004,9.316,1.24,1.3299999,85,11,1.187,-1.1170001,-0.402,0.24800001,5.990182,0,nan,0.0,3,1,8
288115233,1562313460800110,488478842,23578125,49576,95757,1.4460001,0.57379705,7.3890004,9.278001,1.24,1.3299999,85,11,0.36800003,-0.34800002,0.11800001,0.30400002,5.990182,0,nan,0.0,3,1,8
288316097,1562313461000110,488478898,23578139,50329,96510,1.83,0.5738845,7.392,9.261001,1.24,1.3299999,85,13,0.694,0.693,0.049000002,-0.020000001,5.990182,0,nan,0.0,3,1,8
288516144,1562313461200110,488478924,23578109,51094,97276,1.651,0.57396334,7.38,9.232,1.24,1.3299999,85,13,0.504,-0.125,-0.48800004,0.043,5.990182,0,nan,0.0,3,1,8
288715489,1562313461400110,488478912,23578120,50920,97101,1.503,0.5740353,7.3980002,9.251,1.63,2.03,85,13,0.55700004,-0.53300005,0.15900001,0.15200001,5.990182,0,nan,0.0,3,1,7
288920162,1562313461600111,488478912,23578137,50942,97123,1.761,0.5741194,7.4030004,9.269,1.63,2.03,85,13,0.33,0.317,0.094000004,-0.19700001,5.990182,0,nan,0.0,3,1,7
289114690,1562313461800111,488478893,23578103,51101,97282,1.8820001,0.5742091,7.418,9.3,1.63,2.03,85,13,1.082,-0.90500003,-0.59300005,0.11100001,5.990182,0,nan,0.0,3,1,7
289316194,1562313462000111,488478842,23578088,50711,96893,1.9760001,0.57144904,7.4420004,9.334001,1.63,2.03,85,11,2.154,-2.117,-0.39400002,0.59900004,4.6511526,0,nan,0.0,3,1,7
289515149,1562313462200111,488478835,23578111,50622,96803,1.6530001,0.57152826,7.4730005,9.368,1.63,2.03,85,11,0.68,-0.63900006,0.23300001,0.3,4.6511526,0,nan,0.0,3,1,7
289718121,1562313462400111,488478837,23578130,50627,96809,1.212,0.57158655,7.5060005,9.392,1.63,2.03,85,11,0.49400002,-0.075,0.48900002,0.086,4.6511526,0,nan,0.0,3,1,7
289919175,1562313462600111,488478832,23578114,51018,97199,2.0630002,0.57168555,7.543,9.436001,1.63,2.03,85,11,0.60700005,-0.595,-0.12100001,-0.098000005,4.6511526,0,nan,0.0,3,1,7
290117174,1562313462800111,488478819,23578074,51301,97482,2.095,0.57178587,7.5790005,9.4800005,1.63,2.03,85,11,1.4260001,-1.3050001,-0.573,0.514,4.6511526,0,nan,0.0,3,1,7
290317126,1562313463000111,488478793,23578046,51165,97346,1.9350001,0.7535279,7.5940003,9.52,1.63,2.03,85,13,1.5790001,-1.2210001,-1.0020001,0.75000006,4.350596,0,nan,0.0,3,1,7
290518187,1562313463200111,488478759,23578032,51147,97328,1.922,0.7535977,7.6080003,9.561001,1.24,1.3299999,85,13,1.5460001,-1.496,-0.39000002,0.46100003,4.350596,0,nan,0.0,3,1,8
290710351,1562313463400111,488478731,23578013,51154,97336,1.871,0.75366575,7.6110005,9.598001,1.24,1.3299999,85,13,1.1730001,-1.006,-0.60400003,0.555,4.350596,0,nan,0.0,3,1,8
290917065,1562313463600111,488478705,23578016,50969,97150,1.7450001,0.7537293,7.6080003,9.629001,1.24,1.3299999,85,13,0.59900004,-0.595,-0.064,0.45700002,4.350596,0,nan,0.0,3,1,8
291117179,1562313463800112,488478686,23577996,51017,97198,1.764,0.75379336,7.6000004,9.653001,1.24,1.3299999,85,13,0.804,-0.69100004,-0.411,0.67600006,4.350596,0,nan,0.0,3,1,8
291320611,1562313464000112,488478677,23577994,51079,97260,1.559,0.75385004,7.5810003,9.660001,1.24,1.3299999,85,12,0.42800003,-0.42800003,0.008,0.42600003,4.350596,0,nan,0.0,3,1,8
291521054,1562313464200112,488478675,23578001,51138,97320,1.1750001,0.75389284,7.563,9.68,1.24,1.3299999,85,12,0.404,0.163,0.36900002,0.291,4.350596,0,nan,0.0,3,1,8
291719465,1562313464400112,488478678,23578003,51311,97492,1.2650001,0.75393873,7.5400004,9.689,1.63,2.03,85,12,0.47300002,0.381,0.28100002,0.231,4.350596,0,nan,0.0,3,1,7
291920100,1562313464600112,488478680,23578009,51305,97487,1.1980001,0.75398237,7.5120006,9.692,1.63,2.03,85,12,0.53400004,0.44000003,0.30100003,0.367,4.350596,0,nan,0.0,3,1,7
292119614,1562313464800112,488478687,23578024,51106,97288,1.312,0.75403017,7.4870005,9.698001,1.63,2.03,85,12,0.9110001,0.814,0.409,0.37100002,4.350596,0,nan,0.0,3,1,7
292315446,1562313465000112,488478702,23578048,50989,97170,1.4100001,0.7540813,7.4660006,9.713,1.63,2.03,85,11,1.266,0.86800003,0.92100006,0.425,4.350596,0,nan,0.0,3,1,7
292516096,1562313465200112,488478730,23578075,50925,97106,1.4640001,0.7459135,7.4540005,9.731001,1.63,2.03,85,11,1.6800001,1.393,0.938,0.67600006,5.6271067,0,nan,0.0,3,1,7
292716096,1562313465400112,488478750,23578102,50404,96585,1.5560001,0.75767493,7.458,9.754001,1.63,2.03,85,11,1.646,1.519,0.634,1.0610001,6.1446443,0,nan,0.0,3,1,7
292919182,1562313465600112,488478769,23578126,50106,96287,1.493,0.7577364,7.4680004,9.780001,1.63,2.03,85,11,1.2900001,1.072,0.71800005,1.1060001,6.1446443,0,nan,0.0,3,1,7
293120067,1562313465800113,488478767,23578158,49421,95602,1.36,0.7577954,7.485,9.813001,1.63,2.03,85,11,1.031,0.73800004,0.72,1.2620001,6.1446443,0,nan,0.0,3,1,7
293314216,1562313466000113,488478768,23578190,48801,94982,1.3230001,0.7578573,7.5070004,9.852,1.63,2.03,85,12,1.0070001,0.71000004,0.71400005,1.388,6.1446443,0,nan,0.0,3,1,7
293523172,1562313466200113,488478709,23578179,47531,93713,1.559,0.7579671,7.5290003,9.893001,1.63,2.03,85,12,1.218,-1.205,-0.177,2.779,6.1446443,0,nan,0.0,3,1,7
293723325,1562313466400113,488478723,23578201,47681,93862,1.416,0.75803363,7.5710006,9.9470005,1.63,2.03,85,12,0.60800004,-0.448,0.411,1.733,6.1446443,0,nan,0.0,3,1,7
293918128,1562313466600113,488478759,23578218,47832,94014,1.314,0.7581104,7.6140003,9.990001,1.63,2.03,85,12,0.99200004,0.84200007,0.52400005,1.8790001,6.1446443,0,nan,0.0,3,1,7
294114359,1562313466800113,488478792,23578200,48457,94638,1.337,0.7581732,7.6460004,10.026,1.63,2.03,85,12,0.347,0.25300002,0.23700002,1.705,6.1446443,0,nan,0.0,3,1,7
294321052,1562313467000113,488478823,23578209,48717,94898,1.552,0.75822943,7.688,10.06,1.63,2.03,85,13,0.938,0.92100006,-0.178,0.93600005,6.1446443,0,nan,0.0,3,1,7
294514409,1562313467200113,488478838,23578189,48990,95171,1.304,0.7582766,7.727,10.085,1.63,2.03,85,13,0.48800004,0.386,-0.29900002,0.938,6.1446443,0,nan,0.0,3,1,7
294713075,1562313467400113,488478844,23578165,49281,95462,1.302,0.75832367,7.767,10.111,1.63,2.03,85,13,0.73300004,0.134,-0.721,0.59400004,6.1446443,0,nan,0.0,3,1,7
294916084,1562313467600113,488478852,23578165,49302,95484,1.3410001,0.7583722,7.8100004,10.142,1.63,2.03,85,13,0.41400003,0.323,-0.26000002,0.31100002,6.1446443,0,nan,0.0,3,1,7
295116130,1562313467800113,488478853,23578165,49446,95628,1.4890001,0.75842595,7.8510003,10.167001,1.63,2.03,85,13,0.18,0.155,-0.09200001,-0.019000001,6.1446443,0,nan,0.0,3,1,7
295313096,1562313468000114,488478808,23578141,49594,95775,2.135,0.75850314,7.892,10.196,1.63,2.03,85,12,1.524,-1.463,-0.43,-0.36,6.1446443,0,nan,0.0,3,1,7
295521061,1562313468200114,488478779,23578151,49325,95506,2.1550002,0.75858116,7.9420004,10.225,1.63,2.03,85,12,0.95400006,-0.89300007,-0.33600003,-0.49100003,6.1446443,0,nan,0.0,3,1,7
295715733,1562313468400114,488478774,23578167,49275,95456,1.496,0.75863504,7.9810004,10.239,1.63,2.03,85,12,0.215,-0.20700002,-0.058000002,-0.48000002,6.1446443,0,nan,0.0,3,1,7
295907159,1562313468600114,488478755,23578181,48814,94996,1.644,0.7586946,8.025001,10.246,1.63,2.03,85,12,0.108,-0.108,-0.010000001,-0.17,6.1446443,0,nan,0.0,3,1,7
296115129,1562313468800114,488478730,23578217,48011,94192,2.102,0.7587705,8.051001,10.236,1.63,2.03,85,12,0.47100002,0.404,0.24200001,-0.177,6.1446443,0,nan,0.0,3,1,7
296316117,1562313469000114,488478725,23578247,47749,93930,1.9460001,0.75884086,8.069,10.2300005,1.63,2.03,85,13,0.837,0.45600003,0.702,-0.20300001,6.1446443,0,nan,0.0,3,1,7
296515246,1562313469200114,488478732,23578252,48540,94721,1.1240001,0.7588829,8.086,10.235001,1.63,2.03,85,13,1.051,-0.55200005,0.89400005,-0.505,6.1446443,0,nan,0.0,3,1,7
296720088,1562313469400114,488478740,23578245,49409,95590,1.4940001,0.7589368,8.091001,10.259001,1.63,2.03,85,13,0.90300006,-0.85,0.30400002,-0.70500004,6.1446443,0,nan,0.0,3,1,7
296915336,1562313469600114,488478748,23578266,50216,96398,1.445,0.7590063,8.103001,10.291,1.63,2.03,85,13,1.8230001,-1.19,1.3800001,-0.60700005,6.1446443,0,nan,0.0,3,1,7
297118159,1562313469800114,488478786,23578330,50164,96345,1.9690001,0.7590833,8.136001,10.329,1.63,2.03,85,13,2.127,0.96000004,1.8980001,0.16100001,6.1446443,0,nan,0.0,3,1,7
297322187,1562313470000114,488478759,23578367,49683,95864,1.6860001,0.7591442,8.183001,10.364,1.63,2.03,85,13,1.243,0.171,1.2310001,0.194,6.1446443,0,nan,0.0,3,1,7
297519178,1562313470200115,488478721,23578363,49795,95976,2.036,0.7592178,8.226001,10.397,1.63,2.03,85,13,1.284,-1.2360001,0.349,0.07,6.1446443,0,nan,0.0,3,1,7
297719151,1562313470400115,488478717,23578340,50178,96359,2.137,0.759295,8.243,10.412001,1.63,2.03,85,13,0.98,-0.83300006,-0.51600003,0.048,6.1446443,0,nan,0.0,3,1,7
